Hello, World!
95
-----------------------------------
Reading Game: 1
	Calculator:TotalxCoorUnweigthedCenter
	[3.5, 3.5625, 3.5, 3.5625, 3.5, 3.5625, 3.5483870967741935, 3.5806451612903225, 3.5483870967741935, 3.6, 3.533333333333333, 3.6, 3.586206896551724, 3.7142857142857144, 3.642857142857143, 3.607142857142857, 3.5714285714285716, 3.642857142857143, 3.607142857142857, 3.6666666666666665]
	Calculator:TotalxCoorWeigthedCenter
	[3.5, 3.5185185185185186, 3.5, 3.5185185185185186, 3.462962962962963, 3.5185185185185186, 3.514018691588785, 3.5233644859813085, 3.514018691588785, 3.5283018867924527, 3.509433962264151, 3.5660377358490565, 3.5619047619047617, 3.6538461538461537, 3.6346153846153846, 3.605769230769231, 3.576923076923077, 3.6346153846153846, 3.605769230769231, 3.6990291262135924]
-----------------------------------
Reading Game: 3
	Calculator:TotalxCoorUnweigthedCenter
	[3.5, 3.5625, 3.5, 3.53125, 3.5, 3.53125, 3.5, 3.5625, 3.5, 3.5, 3.46875, 3.40625, 3.375, 3.4375, 3.40625, 3.4193548387096775, 3.3666666666666667, 3.4, 3.3333333333333335, 3.4, 3.4, 3.433333333333333, 3.3666666666666667, 3.4, 3.3666666666666667, 3.4, 3.3333333333333335, 3.3666666666666667, 3.3333333333333335, 3.3666666666666667, 3.2333333333333334, 3.310344827586207, 3.25, 3.2857142857142856, 3.357142857142857, 3.3214285714285716, 3.3214285714285716, 3.3214285714285716, 3.25, 3.357142857142857, 3.392857142857143, 3.357142857142857, 3.357142857142857, 3.392857142857143, 3.4285714285714284, 3.4642857142857144, 3.3703703703703702, 3.3846153846153846, 3.3461538461538463, 3.423076923076923, 3.3461538461538463, 3.3461538461538463, 3.3846153846153846, 3.3846153846153846, 3.423076923076923, 3.4615384615384617, 3.423076923076923, 3.423076923076923, 3.3461538461538463, 3.3076923076923075, 3.24, 3.2916666666666665, 3.375, 3.375, 3.375, 3.4166666666666665, 3.3333333333333335, 3.3333333333333335, 3.2916666666666665, 3.2916666666666665, 3.2916666666666665, 3.3333333333333335, 3.2916666666666665, 3.3043478260869565, 3.227272727272727, 3.3181818181818183, 3.272727272727273, 3.3181818181818183, 3.3333333333333335, 3.45, 3.4, 3.4, 3.4, 3.4, 3.4, 3.5789473684210527, 3.4444444444444446, 3.4444444444444446, 3.4444444444444446, 3.5, 3.3529411764705883, 3.4375, 3.466666666666667, 3.4, 3.466666666666667, 3.466666666666667, 3.466666666666667, 3.4, 3.0, 3.066666666666667, 3.066666666666667, 3.066666666666667, 3.066666666666667]
	Calculator:TotalxCoorWeigthedCenter
	[3.5, 3.5185185185185186, 3.462962962962963, 3.4722222222222223, 3.462962962962963, 3.490740740740741, 3.462962962962963, 3.5185185185185186, 3.5, 3.5, 3.490740740740741, 3.435185185185185, 3.425925925925926, 3.4444444444444446, 3.435185185185185, 3.439252336448598, 3.4245283018867925, 3.518867924528302, 3.4622641509433962, 3.518867924528302, 3.518867924528302, 3.5283018867924527, 3.509433962264151, 3.5377358490566038, 3.5283018867924527, 3.5377358490566038, 3.518867924528302, 3.547169811320755, 3.518867924528302, 3.5283018867924527, 3.4150943396226414, 3.4854368932038833, 3.44, 3.45, 3.51, 3.48, 3.48, 3.48, 3.46, 3.55, 3.58, 3.55, 3.55, 3.58, 3.61, 3.62, 3.5463917525773194, 3.5425531914893615, 3.4361702127659575, 3.5, 3.4361702127659575, 3.4361702127659575, 3.4680851063829787, 3.4680851063829787, 3.5, 3.574468085106383, 3.4680851063829787, 3.4680851063829787, 3.404255319148936, 3.297872340425532, 3.241758241758242, 3.2613636363636362, 3.3295454545454546, 3.3295454545454546, 3.3295454545454546, 3.409090909090909, 3.3863636363636362, 3.3863636363636362, 3.272727272727273, 3.272727272727273, 3.272727272727273, 3.284090909090909, 3.2045454545454546, 3.206896551724138, 3.0813953488372094, 3.1511627906976742, 3.13953488372093, 3.255813953488372, 3.2588235294117647, 3.2857142857142856, 3.1666666666666665, 3.1666666666666665, 3.1666666666666665, 3.1666666666666665, 3.1666666666666665, 3.4545454545454546, 3.242857142857143, 3.242857142857143, 3.242857142857143, 3.3857142857142857, 3.2686567164179103, 3.296875, 3.3518518518518516, 3.2222222222222223, 3.4074074074074074, 3.4074074074074074, 3.4074074074074074, 3.2222222222222223, 2.4444444444444446, 2.6296296296296298, 2.6296296296296298, 2.6296296296296298, 2.6296296296296298]
-----------------------------------
Reading Game: 6
	Calculator:TotalxCoorUnweigthedCenter
	[3.5, 3.53125, 3.46875, 3.5, 3.4375, 3.46875, 3.40625, 3.4375, 3.375, 3.40625, 3.34375, 3.375, 3.375, 3.40625, 3.40625, 3.4375, 3.40625, 3.40625, 3.28125, 3.3125, 3.34375, 3.34375, 3.3125, 3.34375, 3.3125, 3.3548387096774195, 3.3666666666666667, 3.433333333333333, 3.3793103448275863, 3.4285714285714284, 3.3333333333333335, 3.4615384615384617, 3.3846153846153846, 3.3846153846153846, 3.36, 3.4166666666666665, 3.391304347826087, 3.4545454545454546, 3.3636363636363638, 3.409090909090909, 3.409090909090909, 3.4545454545454546, 3.2857142857142856, 3.1904761904761907, 3.1904761904761907, 3.238095238095238, 3.2857142857142856, 3.35, 3.1578947368421053, 3.1578947368421053, 3.0526315789473686, 3.1052631578947367, 3.0526315789473686, 3.1052631578947367, 3.2222222222222223, 3.3529411764705883, 3.25, 3.25, 3.1875, 3.1875, 3.3125, 3.375, 3.466666666666667, 3.7142857142857144, 3.642857142857143, 3.642857142857143, 3.5714285714285716, 3.642857142857143, 3.5714285714285716, 3.642857142857143, 3.5714285714285716, 3.642857142857143, 3.5714285714285716, 3.642857142857143, 3.5, 3.357142857142857, 3.2857142857142856, 3.2857142857142856, 3.142857142857143, 3.0714285714285716, 3.230769230769231, 3.3076923076923075, 3.5833333333333335, 3.5454545454545454, 3.3, 3.4, 3.2, 3.3, 3.5555555555555554, 3.4444444444444446, 3.3333333333333335, 3.4444444444444446, 3.3333333333333335, 3.4444444444444446, 3.2222222222222223, 3.2222222222222223, 3.111111111111111, 3.0, 2.888888888888889, 3.0, 3.111111111111111, 3.0, 2.875, 3.0, 2.875, 2.75, 2.625, 2.75, 2.625, 2.5, 2.375, 2.5, 2.375, 2.25, 2.125, 2.25, 2.25, 2.125, 2.0, 2.125, 2.25, 2.125, 2.125]
	Calculator:TotalxCoorWeigthedCenter
	[3.5, 3.509259259259259, 3.490740740740741, 3.5185185185185186, 3.462962962962963, 3.4722222222222223, 3.4166666666666665, 3.4444444444444446, 3.425925925925926, 3.435185185185185, 3.3796296296296298, 3.4074074074074074, 3.4074074074074074, 3.4166666666666665, 3.4166666666666665, 3.4444444444444446, 3.435185185185185, 3.435185185185185, 3.324074074074074, 3.3333333333333335, 3.361111111111111, 3.361111111111111, 3.2685185185185186, 3.2962962962962963, 3.287037037037037, 3.323809523809524, 3.326923076923077, 3.3846153846153846, 3.3366336633663365, 3.357142857142857, 3.294736842105263, 3.521276595744681, 3.5, 3.5, 3.4946236559139785, 3.510869565217391, 3.49438202247191, 3.4651162790697674, 3.395348837209302, 3.511627906976744, 3.511627906976744, 3.5232558139534884, 3.1294117647058823, 2.8941176470588235, 2.8941176470588235, 2.929411764705882, 3.0470588235294116, 2.8846153846153846, 2.72, 2.72, 2.453333333333333, 2.5866666666666664, 2.493333333333333, 2.5866666666666664, 2.75, 2.9508196721311477, 2.6166666666666667, 2.6166666666666667, 2.45, 2.45, 2.55, 2.716666666666667, 2.86, 3.425, 3.4, 3.4, 3.375, 3.625, 3.375, 3.4, 3.15, 3.175, 2.925, 3.175, 3.025, 2.675, 2.65, 2.65, 2.5, 2.25, 2.6363636363636362, 2.6666666666666665, 2.8125, 2.774193548387097, 2.6666666666666665, 2.7, 2.6333333333333333, 2.6666666666666665, 2.8620689655172415, 2.5172413793103448, 2.413793103448276, 2.7586206896551726, 2.7241379310344827, 2.7586206896551726, 2.689655172413793, 2.689655172413793, 2.6551724137931036, 2.310344827586207, 1.9655172413793103, 2.310344827586207, 2.6551724137931036, 2.310344827586207, 2.25, 2.607142857142857, 2.25, 1.8928571428571428, 1.5357142857142858, 1.8928571428571428, 1.8571428571428572, 1.5, 1.4642857142857142, 1.8214285714285714, 1.7857142857142858, 1.4285714285714286, 1.3928571428571428, 1.75, 1.75, 1.3928571428571428, 1.027027027027027, 1.2972972972972974, 1.5675675675675675, 1.2972972972972974, 1.2972972972972974]
-----------------------------------
Reading Game: 7
	Calculator:TotalxCoorUnweigthedCenter
	[3.5, 3.5625, 3.5, 3.53125, 3.46875, 3.53125, 3.5, 3.5625, 3.5, 3.53125, 3.5161290322580645, 3.566666666666667, 3.5, 3.5, 3.433333333333333, 3.466666666666667, 3.4, 3.466666666666667, 3.4, 3.433333333333333, 3.433333333333333, 3.5, 3.533333333333333, 3.5172413793103448, 3.4285714285714284, 3.5, 3.4074074074074074, 3.423076923076923, 3.3846153846153846, 3.48, 3.4583333333333335, 3.5833333333333335, 3.5416666666666665, 3.5652173913043477, 3.4545454545454546, 3.5238095238095237, 3.4285714285714284, 3.4285714285714284, 3.2857142857142856, 3.3333333333333335, 3.3333333333333335, 3.380952380952381, 3.238095238095238, 3.238095238095238, 3.142857142857143, 3.238095238095238, 3.238095238095238, 3.3333333333333335, 3.238095238095238, 3.2857142857142856, 3.25, 3.3157894736842106, 3.263157894736842, 3.263157894736842, 3.3157894736842106, 3.3684210526315788, 3.4210526315789473, 3.526315789473684, 3.473684210526316, 3.526315789473684, 3.473684210526316, 3.526315789473684, 3.526315789473684, 3.473684210526316, 3.5, 3.588235294117647, 3.6470588235294117, 3.588235294117647, 3.5625, 3.5, 3.4375, 3.375, 3.3125, 3.466666666666667, 3.5, 3.5714285714285716, 3.769230769230769, 3.8461538461538463, 3.769230769230769, 3.8461538461538463, 3.769230769230769, 3.6153846153846154, 3.75, 3.8333333333333335, 3.5]
	Calculator:TotalxCoorWeigthedCenter
	[3.5, 3.5185185185185186, 3.462962962962963, 3.4722222222222223, 3.4537037037037037, 3.509259259259259, 3.5, 3.5555555555555554, 3.537037037037037, 3.5462962962962963, 3.542056074766355, 3.556603773584906, 3.5, 3.5, 3.443396226415094, 3.452830188679245, 3.3962264150943398, 3.452830188679245, 3.4339622641509435, 3.4622641509433962, 3.4622641509433962, 3.518867924528302, 3.547169811320755, 3.533980582524272, 3.48, 3.54, 3.463917525773196, 3.4574468085106385, 3.351063829787234, 3.4285714285714284, 3.4318181818181817, 3.772727272727273, 3.7613636363636362, 3.8735632183908044, 3.5974025974025974, 3.626865671641791, 3.537313432835821, 3.537313432835821, 3.2238805970149254, 3.2686567164179103, 3.2686567164179103, 3.373134328358209, 3.2388059701492535, 3.2388059701492535, 3.029850746268657, 3.2388059701492535, 3.2388059701492535, 3.2686567164179103, 3.2388059701492535, 3.253731343283582, 3.242424242424242, 3.2615384615384615, 3.1076923076923078, 3.1076923076923078, 3.2153846153846155, 3.3230769230769233, 3.3692307692307693, 3.4, 3.292307692307692, 3.4461538461538463, 3.292307692307692, 3.4461538461538463, 3.4461538461538463, 3.4, 3.21875, 3.3333333333333335, 3.4444444444444446, 3.2857142857142856, 3.3035714285714284, 3.25, 3.232142857142857, 3.107142857142857, 3.0892857142857144, 3.1272727272727274, 3.3125, 3.3333333333333335, 3.5106382978723403, 3.5319148936170213, 3.4680851063829787, 3.4893617021276597, 3.276595744680851, 3.148936170212766, 3.1363636363636362, 3.3636363636363638, 2.727272727272727]
-----------------------------------
Reading Game: 9
	Calculator:TotalxCoorUnweigthedCenter
	[3.5, 3.5625, 3.53125, 3.59375, 3.5625, 3.625, 3.5625, 3.65625, 3.6875, 3.75, 3.71875, 3.71875, 3.6875, 3.6875, 3.65625, 3.6875, 3.65625, 3.6875, 3.65625, 3.625, 3.59375, 3.625, 3.6129032258064515, 3.6666666666666665, 3.6, 3.566666666666667, 3.6333333333333333, 3.7333333333333334, 3.7, 3.7333333333333334, 3.6666666666666665, 3.6, 3.533333333333333, 3.5, 3.566666666666667, 3.6, 3.533333333333333, 3.6551724137931036, 3.5357142857142856, 3.5714285714285716, 3.5, 3.5357142857142856, 3.4444444444444446, 3.5, 3.4, 3.4583333333333335, 3.4583333333333335, 3.4583333333333335, 3.4166666666666665, 3.5416666666666665, 3.625, 3.625, 3.5833333333333335, 3.5, 3.5, 3.5652173913043477, 3.5, 3.5454545454545454, 3.4545454545454546, 3.409090909090909, 3.409090909090909, 3.4545454545454546, 3.4545454545454546, 3.5, 3.4761904761904763, 3.5, 3.5, 3.5, 3.45, 3.4, 3.45, 3.45, 3.5, 3.85, 3.9, 4.0, 3.8421052631578947, 3.888888888888889, 3.9444444444444446, 4.222222222222222, 4.0588235294117645, 3.875, 3.8125, 3.75, 3.8125, 3.75, 3.8125, 3.875, 3.8125, 3.75, 3.75, 3.9375, 3.875, 3.8125, 3.625, 3.466666666666667, 3.4, 3.3333333333333335, 3.357142857142857, 3.1538461538461537, 3.1538461538461537, 3.3076923076923075, 3.3333333333333335, 3.3333333333333335, 3.25, 3.3333333333333335, 3.0, 2.9166666666666665, 2.8333333333333335, 2.5, 2.75, 2.75]
	Calculator:TotalxCoorWeigthedCenter
	[3.5, 3.5185185185185186, 3.509259259259259, 3.5277777777777777, 3.5185185185185186, 3.574074074074074, 3.5185185185185186, 3.6018518518518516, 3.6296296296296298, 3.685185185185185, 3.675925925925926, 3.675925925925926, 3.6481481481481484, 3.6481481481481484, 3.6203703703703702, 3.6296296296296298, 3.6203703703703702, 3.6296296296296298, 3.6203703703703702, 3.5925925925925926, 3.5833333333333335, 3.5925925925925926, 3.588785046728972, 3.6226415094339623, 3.5660377358490565, 3.5377358490566038, 3.5943396226415096, 3.8773584905660377, 3.8679245283018866, 3.8962264150943398, 3.8773584905660377, 3.688679245283019, 3.6320754716981134, 3.6037735849056602, 3.660377358490566, 3.7547169811320753, 3.69811320754717, 3.8058252427184467, 3.5, 3.53, 3.47, 3.5, 3.422680412371134, 3.4680851063829787, 3.3846153846153846, 3.4318181818181817, 3.4318181818181817, 3.4318181818181817, 3.3181818181818183, 3.5568181818181817, 3.784090909090909, 3.784090909090909, 3.75, 3.6818181818181817, 3.6818181818181817, 3.7411764705882353, 3.7195121951219514, 3.731707317073171, 3.5609756097560976, 3.4390243902439024, 3.4390243902439024, 3.5609756097560976, 3.5609756097560976, 3.573170731707317, 3.567901234567901, 3.575, 3.575, 3.575, 3.4875, 3.4, 3.4875, 3.4875, 3.6125, 4.225, 4.3125, 4.5625, 4.328767123287672, 4.651515151515151, 4.803030303030303, 5.333333333333333, 5.135593220338983, 4.755102040816326, 4.551020408163265, 4.346938775510204, 4.489795918367347, 4.285714285714286, 4.489795918367347, 4.510204081632653, 4.36734693877551, 4.163265306122449, 4.163265306122449, 4.775510204081633, 4.571428571428571, 4.36734693877551, 3.938775510204082, 3.8958333333333335, 3.6875, 3.4791666666666665, 3.4893617021276597, 3.239130434782609, 3.239130434782609, 3.6739130434782608, 3.8222222222222224, 3.8222222222222224, 3.6, 3.8222222222222224, 3.2, 2.977777777777778, 2.7555555555555555, 1.8666666666666667, 2.3333333333333335, 2.3333333333333335]
-----------------------------------
Reading Game: 11
	Calculator:TotalxCoorUnweigthedCenter
	[3.5, 3.5625, 3.5, 3.53125, 3.46875, 3.53125, 3.4375, 3.46875, 3.4375, 3.4375, 3.40625, 3.46875, 3.40625, 3.46875, 3.46875, 3.5, 3.4375, 3.46875, 3.40625, 3.4375, 3.4375, 3.46875, 3.4375, 3.4193548387096775, 3.3333333333333335, 3.4, 3.3333333333333335, 3.4, 3.4, 3.4482758620689653, 3.392857142857143, 3.4074074074074074, 3.3461538461538463, 3.3461538461538463, 3.269230769230769, 3.3076923076923075, 3.269230769230769, 3.32, 3.2916666666666665, 3.2916666666666665, 3.2083333333333335, 3.347826086956522, 3.3636363636363638, 3.409090909090909, 3.1363636363636362, 3.1363636363636362, 3.238095238095238, 3.4, 3.35, 3.55, 3.55, 3.6, 3.55, 3.736842105263158, 3.5555555555555554, 3.611111111111111, 3.6666666666666665, 3.7222222222222223, 3.8823529411764706, 3.9411764705882355, 3.9411764705882355, 3.8125, 3.7333333333333334, 3.8, 3.8666666666666667, 3.8, 3.7333333333333334, 3.6666666666666665, 3.7857142857142856, 3.857142857142857, 3.7857142857142856, 3.5714285714285716, 3.5714285714285716, 3.642857142857143, 3.5714285714285716, 3.5714285714285716, 3.5, 3.5, 3.5, 3.642857142857143, 3.6153846153846154, 3.75, 3.5833333333333335, 3.6363636363636362, 3.5, 3.5, 3.4, 3.5, 3.4, 3.4, 3.4, 3.2222222222222223, 3.111111111111111, 3.3333333333333335, 3.2222222222222223, 3.2222222222222223, 3.111111111111111, 3.111111111111111, 2.888888888888889, 2.888888888888889, 2.7777777777777777, 2.5, 2.857142857142857, 3.0, 3.0, 3.0, 3.4285714285714284, 3.2857142857142856, 3.3333333333333335, 3.5, 3.5, 3.5, 3.3333333333333335, 3.3333333333333335, 3.1666666666666665, 3.1666666666666665, 3.0, 2.8333333333333335, 2.6666666666666665, 2.8333333333333335, 3.1666666666666665, 3.0, 2.8333333333333335, 2.6666666666666665, 2.1666666666666665]
	Calculator:TotalxCoorWeigthedCenter
	[3.5, 3.5185185185185186, 3.5, 3.509259259259259, 3.4537037037037037, 3.509259259259259, 3.425925925925926, 3.4537037037037037, 3.4444444444444446, 3.4444444444444446, 3.435185185185185, 3.490740740740741, 3.435185185185185, 3.4537037037037037, 3.4537037037037037, 3.462962962962963, 3.4444444444444446, 3.4722222222222223, 3.4166666666666665, 3.425925925925926, 3.425925925925926, 3.4537037037037037, 3.4444444444444446, 3.4285714285714284, 3.372549019607843, 3.4313725490196076, 3.235294117647059, 3.2941176470588234, 3.2941176470588234, 3.3465346534653464, 3.295918367346939, 3.2842105263157895, 3.1702127659574466, 3.1702127659574466, 3.106382978723404, 3.117021276595745, 3.106382978723404, 3.118279569892473, 3.010869565217391, 3.010869565217391, 2.9456521739130435, 3.0898876404494384, 3.024390243902439, 3.0609756097560976, 2.548780487804878, 2.548780487804878, 2.763888888888889, 3.2096774193548385, 3.193548387096774, 3.3870967741935485, 3.3870967741935485, 3.435483870967742, 3.3225806451612905, 3.7454545454545456, 3.2708333333333335, 3.4791666666666665, 3.625, 3.8333333333333335, 3.893617021276596, 3.9574468085106385, 3.9574468085106385, 3.8181818181818183, 3.7804878048780486, 3.8048780487804876, 3.975609756097561, 3.731707317073171, 3.707317073170732, 3.6341463414634148, 3.675, 3.75, 3.725, 3.5, 3.5, 3.575, 3.325, 3.325, 3.3, 3.3, 3.3, 3.35, 3.3333333333333335, 3.3684210526315788, 3.3157894736842106, 3.324324324324324, 3.2777777777777777, 3.2777777777777777, 3.0, 3.0833333333333335, 3.0555555555555554, 3.0555555555555554, 3.0555555555555554, 2.8857142857142857, 2.857142857142857, 3.0285714285714285, 3.0, 3.0, 2.9714285714285715, 2.9714285714285715, 2.5714285714285716, 2.5714285714285716, 2.022727272727273, 2.176470588235294, 2.3870967741935485, 2.7096774193548385, 2.7096774193548385, 2.7096774193548385, 3.3870967741935485, 3.064516129032258, 3.066666666666667, 3.4, 3.4, 3.4, 3.3666666666666667, 3.3666666666666667, 3.3333333333333335, 3.3333333333333335, 3.3, 2.966666666666667, 2.2564102564102564, 2.5128205128205128, 3.0256410256410255, 2.769230769230769, 2.5128205128205128, 2.2564102564102564, 1.7179487179487178]
-----------------------------------
Reading Game: 12
	Calculator:TotalxCoorUnweigthedCenter
	[3.5, 3.5625, 3.53125, 3.59375, 3.53125, 3.5483870967741935, 3.5, 3.566666666666667, 3.533333333333333, 3.6, 3.533333333333333, 3.533333333333333, 3.466666666666667, 3.5, 3.466666666666667, 3.466666666666667, 3.466666666666667, 3.566666666666667, 3.533333333333333, 3.566666666666667, 3.533333333333333, 3.6, 3.566666666666667, 3.689655172413793, 3.642857142857143, 3.6666666666666665, 3.6296296296296298, 3.6666666666666665, 3.6153846153846154, 3.6538461538461537, 3.6153846153846154, 3.730769230769231, 3.6923076923076925, 3.72, 3.68, 3.5833333333333335, 3.5833333333333335, 3.625, 3.5833333333333335, 3.625, 3.625, 3.6666666666666665, 3.6956521739130435, 3.652173913043478]
	Calculator:TotalxCoorWeigthedCenter
	[3.5, 3.5185185185185186, 3.509259259259259, 3.5277777777777777, 3.509259259259259, 3.514018691588785, 3.5, 3.556603773584906, 3.547169811320755, 3.6037735849056602, 3.547169811320755, 3.547169811320755, 3.490566037735849, 3.5, 3.4716981132075473, 3.4716981132075473, 3.4716981132075473, 3.556603773584906, 3.547169811320755, 3.5754716981132075, 3.5660377358490565, 3.6226415094339623, 3.5943396226415096, 3.970873786407767, 3.94, 3.9690721649484537, 3.9587628865979383, 4.061855670103093, 4.053191489361702, 4.159574468085107, 4.053191489361702, 4.148936170212766, 4.042553191489362, 4.053763440860215, 3.946236559139785, 3.9239130434782608, 3.9239130434782608, 3.9565217391304346, 3.847826086956522, 3.858695652173913, 3.858695652173913, 3.869565217391304, 3.8202247191011236, 3.7865168539325844]
-----------------------------------
Reading Game: 13
	Calculator:TotalxCoorUnweigthedCenter
	[3.5, 3.5625, 3.5, 3.53125, 3.46875, 3.53125, 3.46875, 3.5, 3.4375, 3.4375, 3.34375, 3.375, 3.34375, 3.375, 3.34375, 3.375, 3.3125, 3.3225806451612905, 3.2666666666666666, 3.3333333333333335, 3.3666666666666667, 3.4, 3.4, 3.433333333333333, 3.5, 3.5172413793103448, 3.4285714285714284, 3.4642857142857144, 3.392857142857143, 3.4285714285714284, 3.4642857142857144, 3.4814814814814814, 3.4074074074074074, 3.4444444444444446, 3.3846153846153846, 3.44, 3.3333333333333335, 3.375, 3.5, 3.5416666666666665, 3.5, 3.5416666666666665, 3.4782608695652173, 3.5217391304347827, 3.5217391304347827, 3.5217391304347827, 3.4782608695652173, 3.5652173913043477, 3.608695652173913, 3.6956521739130435, 3.652173913043478, 3.6956521739130435, 3.727272727272727, 3.727272727272727, 3.761904761904762, 3.8095238095238093, 3.8095238095238093, 3.8095238095238093, 3.761904761904762, 3.761904761904762, 3.9, 4.105263157894737, 4.0, 4.055555555555555, 4.294117647058823, 4.352941176470588, 4.117647058823529, 4.176470588235294, 4.294117647058823]
	Calculator:TotalxCoorWeigthedCenter
	[3.5, 3.5185185185185186, 3.462962962962963, 3.4722222222222223, 3.4537037037037037, 3.509259259259259, 3.490740740740741, 3.5185185185185186, 3.462962962962963, 3.462962962962963, 3.3796296296296298, 3.388888888888889, 3.3796296296296298, 3.388888888888889, 3.3796296296296298, 3.4074074074074074, 3.3518518518518516, 3.3551401869158877, 3.3207547169811322, 3.339622641509434, 3.3679245283018866, 3.3962264150943398, 3.3962264150943398, 3.4245283018867925, 3.481132075471698, 3.495145631067961, 3.44, 3.47, 3.41, 3.44, 3.47, 3.515151515151515, 3.313131313131313, 3.3434343434343434, 3.3645833333333335, 3.4086021505376345, 3.3222222222222224, 3.3333333333333335, 3.433333333333333, 3.5444444444444443, 3.433333333333333, 3.4444444444444446, 3.1235955056179776, 3.157303370786517, 3.157303370786517, 3.157303370786517, 3.1235955056179776, 3.2808988764044944, 3.393258426966292, 3.4157303370786516, 3.404494382022472, 3.4831460674157304, 3.4886363636363638, 3.4886363636363638, 3.5308641975308643, 3.654320987654321, 3.654320987654321, 3.654320987654321, 3.6419753086419755, 3.6419753086419755, 3.5421686746987953, 4.027397260273973, 4.0476190476190474, 4.063492063492063, 4.274193548387097, 4.435483870967742, 4.241935483870968, 4.403225806451613, 4.5]
-----------------------------------
Reading Game: 19
	Calculator:TotalxCoorUnweigthedCenter
	[3.5, 3.5625, 3.53125, 3.59375, 3.53125, 3.59375, 3.5806451612903225, 3.7, 3.6333333333333333, 3.533333333333333, 3.466666666666667, 3.533333333333333, 3.466666666666667, 3.6, 3.566666666666667, 3.6, 3.6, 3.6206896551724137, 3.5714285714285716, 3.607142857142857, 3.5357142857142856, 3.5357142857142856, 3.5, 3.4642857142857144, 3.357142857142857, 3.392857142857143, 3.392857142857143, 3.4074074074074074, 3.3076923076923075, 3.3846153846153846, 3.32, 3.3333333333333335, 3.260869565217391, 3.409090909090909, 3.3181818181818183, 3.3636363636363638, 3.3181818181818183, 3.3636363636363638, 3.3636363636363638, 3.3636363636363638, 3.3333333333333335, 3.3333333333333335, 3.3333333333333335, 3.35, 3.263157894736842, 3.3157894736842106, 3.0, 3.0, 3.111111111111111, 3.4444444444444446, 3.3333333333333335, 3.3333333333333335, 3.4705882352941178, 3.4705882352941178, 3.411764705882353, 3.4705882352941178, 3.3529411764705883, 3.764705882352941, 3.7058823529411766, 3.764705882352941, 3.7058823529411766, 3.764705882352941, 3.764705882352941, 3.823529411764706, 3.764705882352941, 3.8823529411764706, 3.875, 3.8666666666666667, 3.933333333333333, 3.933333333333333, 3.8, 3.8666666666666667, 4.0, 4.066666666666666, 4.133333333333334, 4.133333333333334]
	Calculator:TotalxCoorWeigthedCenter
	[3.5, 3.5185185185185186, 3.509259259259259, 3.5277777777777777, 3.509259259259259, 3.564814814814815, 3.560747663551402, 3.849056603773585, 3.792452830188679, 3.509433962264151, 3.452830188679245, 3.509433962264151, 3.490566037735849, 3.6037735849056602, 3.5754716981132075, 3.5849056603773586, 3.5849056603773586, 3.5904761904761906, 3.576923076923077, 3.605769230769231, 3.548076923076923, 3.548076923076923, 3.5384615384615383, 3.5096153846153846, 3.2211538461538463, 3.25, 3.25, 3.257425742574257, 3.193877551020408, 3.2551020408163267, 3.2, 3.2065217391304346, 3.146067415730337, 3.5, 3.3372093023255816, 3.3488372093023258, 3.3372093023255816, 3.3488372093023258, 3.3488372093023258, 3.3488372093023258, 3.3411764705882354, 3.3411764705882354, 3.3411764705882354, 3.3866666666666667, 3.276923076923077, 3.3230769230769233, 2.6769230769230767, 2.6769230769230767, 2.703125, 3.359375, 3.265625, 3.265625, 3.3015873015873014, 3.3015873015873014, 3.2857142857142856, 3.3015873015873014, 3.2698412698412698, 4.0476190476190474, 3.888888888888889, 4.0, 3.888888888888889, 4.0476190476190474, 4.0476190476190474, 4.095238095238095, 3.9365079365079363, 3.9682539682539684, 3.967741935483871, 3.901639344262295, 4.016393442622951, 4.016393442622951, 3.918032786885246, 4.081967213114754, 4.180327868852459, 4.229508196721311, 4.39344262295082, 4.39344262295082]
-----------------------------------
Reading Game: 23
	Calculator:TotalxCoorUnweigthedCenter
	[3.5, 3.53125, 3.46875, 3.5, 3.4375, 3.46875, 3.40625, 3.46875, 3.40625, 3.46875, 3.40625, 3.40625, 3.34375, 3.375, 3.34375, 3.375, 3.3870967741935485, 3.466666666666667, 3.4, 3.433333333333333, 3.433333333333333, 3.433333333333333, 3.4, 3.466666666666667, 3.433333333333333, 3.5172413793103448, 3.5, 3.5555555555555554, 3.5, 3.56, 3.4166666666666665, 3.4782608695652173, 3.3181818181818183, 3.3636363636363638, 3.380952380952381, 3.3333333333333335, 3.2857142857142856, 3.3333333333333335, 3.3, 3.5, 3.5789473684210527, 3.611111111111111, 3.5, 3.4444444444444446, 3.1666666666666665, 3.3529411764705883, 3.3529411764705883, 3.411764705882353, 3.411764705882353, 3.411764705882353, 3.3529411764705883, 3.7058823529411766, 3.823529411764706, 3.8823529411764706, 3.823529411764706, 3.764705882352941, 3.9375, 4.0, 3.625]
	Calculator:TotalxCoorWeigthedCenter
	[3.5, 3.509259259259259, 3.490740740740741, 3.5833333333333335, 3.564814814814815, 3.574074074074074, 3.5185185185185186, 3.537037037037037, 3.5185185185185186, 3.574074074074074, 3.5555555555555554, 3.5555555555555554, 3.5, 3.509259259259259, 3.5, 3.509259259259259, 3.514018691588785, 3.5377358490566038, 3.481132075471698, 3.509433962264151, 3.509433962264151, 3.509433962264151, 3.481132075471698, 3.5377358490566038, 3.5283018867924527, 3.5904761904761906, 3.5784313725490198, 3.6262626262626263, 3.5833333333333335, 3.6344086021505375, 3.522222222222222, 3.5517241379310347, 3.0930232558139537, 3.127906976744186, 3.1294117647058823, 3.0941176470588236, 3.0588235294117645, 3.070588235294118, 3.011904761904762, 3.3452380952380953, 3.3636363636363638, 3.3513513513513513, 3.081081081081081, 2.945945945945946, 2.472972972972973, 3.0, 3.0, 3.136986301369863, 3.136986301369863, 3.136986301369863, 3.1232876712328768, 3.6986301369863015, 3.9726027397260273, 4.109589041095891, 4.013698630136986, 3.8767123287671232, 3.942857142857143, 4.085714285714285, 3.4857142857142858]
-----------------------------------
Reading Game: 24
	Calculator:TotalxCoorUnweigthedCenter
	[3.5, 3.53125, 3.5, 3.59375, 3.5625, 3.53125, 3.5, 3.5625, 3.5, 3.5625, 3.5, 3.5625, 3.5625, 3.625, 3.59375, 3.625, 3.59375, 3.65625, 3.59375, 3.625, 3.59375, 3.53125, 3.46875, 3.53125, 3.46875, 3.53125, 3.5161290322580645, 3.6, 3.5517241379310347, 3.642857142857143, 3.5714285714285716, 3.5714285714285716, 3.5714285714285716, 3.607142857142857, 3.642857142857143, 3.6785714285714284, 3.6785714285714284, 3.7142857142857144, 3.6785714285714284, 3.75, 3.6785714285714284, 3.6296296296296298, 3.5384615384615383, 3.6153846153846154, 3.6, 3.6666666666666665, 3.608695652173913, 3.6363636363636362, 3.5714285714285716, 3.619047619047619, 3.5238095238095237, 3.6, 3.473684210526316, 3.388888888888889, 3.3333333333333335, 3.3333333333333335, 3.3333333333333335, 3.611111111111111, 3.7222222222222223, 3.7777777777777777, 3.7222222222222223, 3.6470588235294117, 3.7058823529411766, 3.823529411764706, 3.823529411764706, 3.9411764705882355, 3.8823529411764706, 3.9411764705882355, 3.8823529411764706, 3.764705882352941, 3.823529411764706, 3.75, 3.625, 3.533333333333333, 3.357142857142857, 3.3076923076923075, 3.3076923076923075, 3.3076923076923075, 3.230769230769231, 3.0833333333333335, 3.0, 2.9166666666666665, 2.9166666666666665, 3.0, 3.0833333333333335, 3.0833333333333335, 3.1666666666666665, 3.3333333333333335]
	Calculator:TotalxCoorWeigthedCenter
	[3.5, 3.509259259259259, 3.5, 3.5833333333333335, 3.490740740740741, 3.462962962962963, 3.4537037037037037, 3.4722222222222223, 3.4537037037037037, 3.509259259259259, 3.4537037037037037, 3.4722222222222223, 3.4722222222222223, 3.5277777777777777, 3.5185185185185186, 3.5277777777777777, 3.5185185185185186, 3.574074074074074, 3.5555555555555554, 3.6481481481481484, 3.638888888888889, 3.5833333333333335, 3.564814814814815, 3.6203703703703702, 3.564814814814815, 3.5833333333333335, 3.5794392523364484, 3.6037735849056602, 3.563106796116505, 3.71, 3.65, 3.65, 3.65, 3.66, 3.69, 3.72, 3.72, 3.73, 3.72, 3.78, 3.72, 3.5376344086021505, 3.4555555555555557, 3.477777777777778, 3.4719101123595504, 3.5113636363636362, 3.4942528735632186, 3.5, 3.4823529411764707, 3.4941176470588236, 3.2588235294117647, 3.4266666666666667, 3.0307692307692307, 3.0, 2.953125, 2.953125, 2.953125, 3.5, 3.59375, 3.640625, 3.59375, 3.5714285714285716, 3.7301587301587302, 3.8253968253968256, 3.8253968253968256, 3.9206349206349205, 3.9047619047619047, 4.305555555555555, 4.291666666666667, 4.013888888888889, 4.152777777777778, 4.014084507042254, 3.9295774647887325, 3.8823529411764706, 3.7049180327868854, 3.810344827586207, 3.810344827586207, 3.810344827586207, 3.6379310344827585, 3.4363636363636365, 3.2545454545454544, 3.2, 3.2, 3.381818181818182, 3.5636363636363635, 3.5636363636363635, 3.7454545454545456, 3.8545454545454545]
-----------------------------------
Reading Game: 26
	Calculator:TotalxCoorUnweigthedCenter
	[3.5, 3.53125, 3.5, 3.53125, 3.5, 3.5625, 3.53125, 3.59375, 3.53125, 3.59375, 3.53125, 3.59375, 3.59375, 3.625, 3.59375, 3.65625, 3.625, 3.6875, 3.625, 3.65625, 3.625, 3.59375, 3.5625, 3.5625, 3.5625, 3.59375, 3.625, 3.65625, 3.59375, 3.6451612903225805, 3.6333333333333333, 3.6333333333333333, 3.6333333333333333, 3.6666666666666665, 3.7, 3.7666666666666666, 3.7333333333333334, 3.7241379310344827, 3.7241379310344827, 3.7586206896551726, 3.7241379310344827, 3.793103448275862, 3.8275862068965516, 3.896551724137931, 3.8620689655172415, 3.892857142857143, 3.8518518518518516, 3.888888888888889, 3.888888888888889, 3.925925925925926, 3.888888888888889, 3.962962962962963, 3.925925925925926, 3.888888888888889, 3.8518518518518516, 3.8518518518518516, 3.888888888888889, 3.925925925925926, 3.8518518518518516, 3.814814814814815, 3.740740740740741, 3.740740740740741, 3.7037037037037037, 3.769230769230769, 3.76, 3.72, 3.68, 3.64, 3.64, 3.64, 3.36, 3.4, 3.5416666666666665, 3.6956521739130435, 3.6818181818181817, 3.6666666666666665, 3.55, 3.6315789473684212, 3.5555555555555554, 3.6470588235294117, 3.4375, 3.466666666666667, 3.642857142857143, 3.7142857142857144, 3.7142857142857144, 3.7857142857142856, 3.5384615384615383, 3.6923076923076925]
	Calculator:TotalxCoorWeigthedCenter
	[3.5, 3.509259259259259, 3.5, 3.5277777777777777, 3.435185185185185, 3.4537037037037037, 3.4444444444444446, 3.462962962962963, 3.4444444444444446, 3.5, 3.4444444444444446, 3.462962962962963, 3.462962962962963, 3.490740740740741, 3.4814814814814814, 3.537037037037037, 3.5277777777777777, 3.712962962962963, 3.6574074074074074, 3.6666666666666665, 3.6574074074074074, 3.6296296296296298, 3.6203703703703702, 3.6203703703703702, 3.6203703703703702, 3.6296296296296298, 3.6574074074074074, 3.6666666666666665, 3.611111111111111, 3.6261682242990654, 3.6226415094339623, 3.6226415094339623, 3.6226415094339623, 3.6320754716981134, 3.660377358490566, 3.849056603773585, 3.8207547169811322, 3.7333333333333334, 3.7333333333333334, 3.761904761904762, 3.7333333333333334, 3.7904761904761903, 3.8190476190476192, 3.876190476190476, 3.8666666666666667, 3.875, 3.8640776699029127, 3.8737864077669903, 3.8737864077669903, 3.883495145631068, 3.854368932038835, 3.9902912621359223, 3.9611650485436893, 3.9320388349514563, 3.9029126213592233, 3.9029126213592233, 3.9320388349514563, 4.0, 3.9805825242718447, 3.912621359223301, 3.8932038834951457, 3.8932038834951457, 3.883495145631068, 3.9019607843137254, 3.900990099009901, 3.871287128712871, 3.8415841584158414, 3.8118811881188117, 3.8118811881188117, 3.8118811881188117, 3.3267326732673266, 3.4257425742574257, 3.5306122448979593, 3.802197802197802, 3.7954545454545454, 3.8160919540229883, 3.761904761904762, 3.8271604938271606, 3.8076923076923075, 3.987012987012987, 3.6857142857142855, 3.8095238095238093, 4.232142857142857, 4.25, 4.25, 4.267857142857143, 4.181818181818182, 4.545454545454546]
-----------------------------------
Reading Game: 27
	Calculator:TotalxCoorUnweigthedCenter
	[3.5, 3.53125, 3.5, 3.53125, 3.5, 3.53125, 3.46875, 3.53125, 3.46875, 3.53125, 3.5, 3.46875, 3.40625, 3.4375, 3.3548387096774195, 3.433333333333333, 3.4, 3.433333333333333, 3.4, 3.466666666666667, 3.4, 3.433333333333333, 3.3666666666666667, 3.433333333333333, 3.4, 3.433333333333333, 3.413793103448276, 3.4642857142857144, 3.4074074074074074, 3.4444444444444446, 3.5185185185185186, 3.5185185185185186, 3.4814814814814814, 3.5, 3.4615384615384617, 3.5384615384615383, 3.5, 3.5384615384615383, 3.44, 3.44, 3.36, 3.4, 3.36, 3.4, 3.36, 3.44, 3.4, 3.44, 3.44, 3.52, 3.32, 3.4, 3.4, 3.48, 3.4583333333333335, 3.4583333333333335, 3.4583333333333335, 3.5, 3.5, 3.4347826086956523, 3.272727272727273, 3.409090909090909, 3.4545454545454546, 3.4285714285714284, 3.380952380952381, 3.3333333333333335, 3.142857142857143]
	Calculator:TotalxCoorWeigthedCenter
	[3.5, 3.509259259259259, 3.5, 3.5925925925925926, 3.564814814814815, 3.574074074074074, 3.5555555555555554, 3.574074074074074, 3.5555555555555554, 3.611111111111111, 3.6018518518518516, 3.574074074074074, 3.5185185185185186, 3.5277777777777777, 3.4571428571428573, 3.5294117647058822, 3.519607843137255, 3.5294117647058822, 3.5, 3.519607843137255, 3.5, 3.5098039215686274, 3.4901960784313726, 3.549019607843137, 3.5392156862745097, 3.5686274509803924, 3.5643564356435644, 3.58, 3.525252525252525, 3.5555555555555554, 3.6161616161616164, 3.6161616161616164, 3.515151515151515, 3.520408163265306, 3.489795918367347, 3.5510204081632653, 3.520408163265306, 3.5306122448979593, 3.5051546391752577, 3.5051546391752577, 3.443298969072165, 3.4536082474226806, 3.422680412371134, 3.4536082474226806, 3.422680412371134, 3.484536082474227, 3.381443298969072, 3.484536082474227, 3.484536082474227, 3.5463917525773194, 3.185567010309278, 3.247422680412371, 3.247422680412371, 3.268041237113402, 3.2604166666666665, 3.2604166666666665, 3.2604166666666665, 3.2916666666666665, 3.2916666666666665, 3.236559139784946, 3.033333333333333, 3.3666666666666667, 3.4, 3.393258426966292, 3.3146067415730336, 3.202247191011236, 2.752808988764045]
-----------------------------------
Reading Game: 32
	Calculator:TotalxCoorUnweigthedCenter
	[3.5, 3.53125, 3.46875, 3.5, 3.4375, 3.46875, 3.40625, 3.46875, 3.375, 3.375, 3.34375, 3.34375, 3.28125, 3.34375, 3.3125, 3.34375, 3.375, 3.4375, 3.4193548387096775, 3.4838709677419355, 3.5, 3.586206896551724, 3.5517241379310347, 3.586206896551724, 3.5517241379310347, 3.586206896551724, 3.5172413793103448, 3.5172413793103448, 3.4827586206896552, 3.5172413793103448, 3.4482758620689653, 3.4827586206896552, 3.4285714285714284, 3.5185185185185186, 3.4444444444444446, 3.5384615384615383, 3.48, 3.48, 3.44, 3.44, 3.36, 3.48, 3.5, 3.5416666666666665, 3.6666666666666665, 3.782608695652174, 3.782608695652174, 3.782608695652174, 3.8260869565217392, 3.8181818181818183, 3.8095238095238093, 4.0476190476190474, 4.095238095238095, 4.05, 4.05, 4.1]
	Calculator:TotalxCoorWeigthedCenter
	[3.5, 3.509259259259259, 3.4537037037037037, 3.5462962962962963, 3.5277777777777777, 3.537037037037037, 3.5185185185185186, 3.537037037037037, 3.4537037037037037, 3.4537037037037037, 3.4444444444444446, 3.4444444444444446, 3.425925925925926, 3.4814814814814814, 3.4537037037037037, 3.462962962962963, 3.490740740740741, 3.509259259259259, 3.5046728971962615, 3.560747663551402, 3.5660377358490565, 3.5904761904761906, 3.5619047619047617, 3.5904761904761906, 3.5619047619047617, 3.5904761904761906, 3.533333333333333, 3.533333333333333, 3.5238095238095237, 3.552380952380952, 3.533333333333333, 3.5619047619047617, 3.519607843137255, 3.595959595959596, 3.393939393939394, 3.46875, 3.2688172043010755, 3.2688172043010755, 3.161290322580645, 3.161290322580645, 3.096774193548387, 3.3225806451612905, 3.130434782608696, 3.2065217391304346, 3.532608695652174, 3.758241758241758, 3.758241758241758, 3.758241758241758, 3.791208791208791, 3.784090909090909, 3.765432098765432, 4.382716049382716, 4.506172839506172, 4.5, 4.5, 4.5375]
-----------------------------------
Reading Game: 35
	Calculator:TotalxCoorUnweigthedCenter
	[3.5, 3.5625, 3.53125, 3.59375, 3.5625, 3.625, 3.59375, 3.6875, 3.6875, 3.65625, 3.59375, 3.65625, 3.65625, 3.71875, 3.65625, 3.774193548387097, 3.774193548387097, 3.806451612903226, 3.7, 3.7333333333333334, 3.7, 3.7, 3.6666666666666665, 3.6333333333333333, 3.566666666666667, 3.566666666666667, 3.5, 3.566666666666667, 3.533333333333333, 3.5, 3.433333333333333, 3.5, 3.466666666666667, 3.4827586206896552, 3.4285714285714284, 3.4444444444444446, 3.3846153846153846, 3.5, 3.423076923076923, 3.5, 3.5, 3.5384615384615383, 3.4615384615384617, 3.3461538461538463, 3.3461538461538463, 3.36, 3.32, 3.28, 3.08, 3.12, 3.08, 3.2083333333333335, 3.130434782608696, 3.1739130434782608, 3.227272727272727, 3.272727272727273, 3.3181818181818183, 3.3181818181818183, 3.272727272727273, 3.3181818181818183, 3.272727272727273, 3.3181818181818183, 3.4761904761904763, 3.45, 3.4, 3.473684210526316, 3.6666666666666665, 3.764705882352941, 3.7058823529411766, 3.6470588235294117, 3.235294117647059, 3.3529411764705883, 3.2941176470588234, 3.411764705882353, 3.4705882352941178, 3.6470588235294117]
	Calculator:TotalxCoorWeigthedCenter
	[3.5, 3.5185185185185186, 3.509259259259259, 3.5277777777777777, 3.435185185185185, 3.490740740740741, 3.4814814814814814, 3.564814814814815, 3.564814814814815, 3.537037037037037, 3.5185185185185186, 3.537037037037037, 3.537037037037037, 3.5925925925925926, 3.537037037037037, 3.638095238095238, 3.638095238095238, 3.6476190476190475, 3.549019607843137, 3.6470588235294117, 3.6372549019607843, 3.6372549019607843, 3.627450980392157, 3.5980392156862746, 3.5784313725490198, 3.5784313725490198, 3.5588235294117645, 3.5784313725490198, 3.5686274509803924, 3.5392156862745097, 3.480392156862745, 3.5, 3.4901960784313726, 3.495049504950495, 3.48, 3.484848484848485, 3.4693877551020407, 3.561224489795918, 3.5, 3.561224489795918, 3.561224489795918, 3.663265306122449, 3.6020408163265305, 3.510204081632653, 3.510204081632653, 3.536082474226804, 3.4329896907216493, 3.402061855670103, 2.88659793814433, 2.917525773195876, 2.9072164948453607, 3.1333333333333333, 2.8795180722891565, 2.891566265060241, 2.902439024390244, 3.024390243902439, 3.1463414634146343, 3.1463414634146343, 3.024390243902439, 3.1463414634146343, 3.1097560975609757, 3.231707317073171, 3.533333333333333, 3.527027027027027, 3.1325301204819276, 3.4794520547945207, 3.6285714285714286, 3.701492537313433, 3.6865671641791047, 3.537313432835821, 2.8059701492537314, 2.8955223880597014, 2.746268656716418, 2.8358208955223883, 2.985074626865672, 3.4328358208955225]
-----------------------------------
Reading Game: 36
	Calculator:TotalxCoorUnweigthedCenter
	[3.5, 3.53125, 3.46875, 3.5, 3.46875, 3.5, 3.46875, 3.53125, 3.46875, 3.53125, 3.46875, 3.5, 3.46875, 3.5, 3.4375, 3.46875, 3.4375, 3.4375, 3.40625, 3.40625, 3.375, 3.40625, 3.34375, 3.3548387096774195, 3.2666666666666666, 3.3333333333333335, 3.2666666666666666, 3.2333333333333334, 3.206896551724138, 3.25, 3.2142857142857144, 3.2142857142857144, 3.185185185185185, 3.2222222222222223, 3.2222222222222223, 3.185185185185185, 3.1923076923076925, 3.32, 3.24, 3.24, 3.16, 3.16, 3.16, 3.2916666666666665, 3.25, 3.25, 3.2083333333333335, 3.3043478260869565, 3.3181818181818183, 3.4761904761904763, 3.4285714285714284, 3.4285714285714284, 3.4761904761904763, 3.4285714285714284, 3.4285714285714284, 3.5238095238095237, 3.4, 3.526315789473684, 3.473684210526316, 3.5789473684210527, 3.5789473684210527, 3.4444444444444446, 3.3529411764705883, 3.25, 3.1333333333333333, 3.2857142857142856, 3.0, 3.1538461538461537, 2.923076923076923, 3.0, 2.923076923076923, 3.0, 3.0, 3.076923076923077, 2.923076923076923, 3.0, 2.9166666666666665, 3.090909090909091, 2.909090909090909, 3.0, 3.0, 3.1818181818181817, 3.090909090909091, 3.272727272727273, 3.4, 3.5, 3.2, 3.2]
	Calculator:TotalxCoorWeigthedCenter
	[3.5, 3.509259259259259, 3.4537037037037037, 3.5462962962962963, 3.537037037037037, 3.5462962962962963, 3.5185185185185186, 3.537037037037037, 3.5185185185185186, 3.574074074074074, 3.5555555555555554, 3.564814814814815, 3.4722222222222223, 3.4814814814814814, 3.462962962962963, 3.490740740740741, 3.4814814814814814, 3.4814814814814814, 3.4537037037037037, 3.4537037037037037, 3.4444444444444446, 3.4537037037037037, 3.435185185185185, 3.439252336448598, 3.3773584905660377, 3.3962264150943398, 3.339622641509434, 3.311320754716981, 3.3047619047619046, 3.3173076923076925, 3.3076923076923075, 3.3076923076923075, 3.3009708737864076, 3.3689320388349513, 3.3689320388349513, 3.2718446601941746, 3.2745098039215685, 3.3465346534653464, 3.287128712871287, 3.287128712871287, 3.227722772277228, 3.227722772277228, 3.227722772277228, 3.36, 3.29, 3.29, 3.26, 3.329896907216495, 3.4444444444444446, 3.6436781609195403, 3.6091954022988504, 3.6091954022988504, 3.6436781609195403, 3.6091954022988504, 3.6091954022988504, 3.67816091954023, 3.5952380952380953, 3.691358024691358, 3.567901234567901, 3.6419753086419755, 3.6419753086419755, 3.551282051282051, 3.493333333333333, 3.2794117647058822, 3.3076923076923075, 3.727272727272727, 3.0, 3.1333333333333333, 2.6666666666666665, 2.8222222222222224, 2.6, 2.8222222222222224, 2.8222222222222224, 2.888888888888889, 2.8444444444444446, 3.066666666666667, 3.0476190476190474, 3.3902439024390243, 3.048780487804878, 3.292682926829268, 3.292682926829268, 3.6341463414634148, 3.3902439024390243, 3.731707317073171, 3.925, 4.175, 3.65, 3.65]
-----------------------------------
Reading Game: 38
	Calculator:TotalxCoorUnweigthedCenter
	[3.5, 3.53125, 3.46875, 3.5, 3.4375, 3.46875, 3.40625, 3.46875, 3.40625, 3.46875, 3.40625, 3.4375, 3.40625, 3.40625, 3.4193548387096775, 3.5, 3.433333333333333, 3.466666666666667, 3.466666666666667, 3.6, 3.566666666666667, 3.5517241379310347, 3.4642857142857144, 3.5, 3.5, 3.5357142857142856, 3.5357142857142856, 3.5, 3.4642857142857144, 3.5, 3.4642857142857144, 3.5185185185185186, 3.5, 3.6, 3.56, 3.72, 3.64, 3.48, 3.44, 3.36, 3.2083333333333335, 3.347826086956522, 3.347826086956522, 3.391304347826087, 3.347826086956522, 3.391304347826087, 3.3181818181818183, 3.380952380952381, 3.4, 3.4, 3.45, 3.6315789473684212, 3.6842105263157894, 3.8333333333333335, 3.764705882352941, 3.823529411764706, 3.764705882352941, 3.625, 3.6, 3.7142857142857144, 3.6153846153846154, 3.6923076923076925, 3.8461538461538463, 4.0, 4.0, 3.8333333333333335, 3.727272727272727, 3.9, 3.9, 4.1, 3.8, 3.8, 3.8, 3.8, 3.6, 3.7, 3.6, 3.7, 3.6666666666666665, 3.7777777777777777, 3.7777777777777777, 3.7777777777777777, 3.7777777777777777, 3.888888888888889, 3.7777777777777777, 3.888888888888889, 4.25, 4.375, 4.25, 4.25, 4.25, 4.571428571428571, 4.666666666666667, 4.333333333333333, 4.166666666666667, 4.0]
	Calculator:TotalxCoorWeigthedCenter
	[3.5, 3.509259259259259, 3.490740740740741, 3.5833333333333335, 3.5277777777777777, 3.537037037037037, 3.5185185185185186, 3.537037037037037, 3.5185185185185186, 3.574074074074074, 3.5185185185185186, 3.5277777777777777, 3.5185185185185186, 3.5185185185185186, 3.5233644859813085, 3.547169811320755, 3.490566037735849, 3.5, 3.5, 3.6132075471698113, 3.518867924528302, 3.504854368932039, 3.45, 3.48, 3.48, 3.51, 3.51, 3.48, 3.45, 3.55, 3.54, 3.5555555555555554, 3.5510204081632653, 3.618556701030928, 3.6082474226804124, 4.020618556701031, 3.8762886597938144, 3.463917525773196, 3.3608247422680413, 3.2989690721649483, 3.1808510638297873, 3.3736263736263736, 3.3736263736263736, 3.3846153846153846, 3.3516483516483517, 3.4615384615384617, 3.0444444444444443, 3.175, 3.4, 3.4, 3.442857142857143, 4.0144927536231885, 4.057971014492754, 4.196969696969697, 4.158730158730159, 4.174603174603175, 4.158730158730159, 4.129032258064516, 4.131147540983607, 4.166666666666667, 3.9491525423728815, 4.11864406779661, 4.220338983050848, 4.322033898305085, 4.322033898305085, 4.096153846153846, 4.133333333333334, 4.4523809523809526, 4.4523809523809526, 4.595238095238095, 4.095238095238095, 4.095238095238095, 4.095238095238095, 4.095238095238095, 4.0476190476190474, 4.071428571428571, 3.8333333333333335, 4.071428571428571, 3.6341463414634148, 3.8780487804878048, 3.8780487804878048, 3.8780487804878048, 3.8780487804878048, 3.902439024390244, 3.658536585365854, 3.682926829268293, 4.2105263157894735, 4.76595744680851, 4.617021276595745, 4.617021276595745, 4.617021276595745, 5.075, 5.484848484848484, 4.878787878787879, 4.575757575757576, 4.2727272727272725]
-----------------------------------
Reading Game: 42
	Calculator:TotalxCoorUnweigthedCenter
	[3.5, 3.53125, 3.46875, 3.5, 3.4375, 3.46875, 3.4375, 3.5, 3.46875, 3.53125, 3.5, 3.53125, 3.46875, 3.53125, 3.53125, 3.5625, 3.53125, 3.53125, 3.46875, 3.53125, 3.5, 3.53125, 3.53125, 3.5625, 3.53125, 3.59375, 3.53125, 3.59375, 3.59375, 3.625, 3.5806451612903225, 3.6, 3.5517241379310347, 3.6785714285714284, 3.7142857142857144, 3.7142857142857144, 3.642857142857143, 3.6785714285714284, 3.6666666666666665, 3.6666666666666665, 3.7037037037037037, 3.769230769230769, 3.72, 3.68, 3.76, 3.6666666666666665, 3.5217391304347827, 3.590909090909091, 3.5454545454545454, 3.772727272727273]
	Calculator:TotalxCoorWeigthedCenter
	[3.5, 3.509259259259259, 3.4537037037037037, 3.5462962962962963, 3.5277777777777777, 3.537037037037037, 3.4444444444444446, 3.462962962962963, 3.4537037037037037, 3.509259259259259, 3.5, 3.509259259259259, 3.4537037037037037, 3.4722222222222223, 3.4722222222222223, 3.4814814814814814, 3.4537037037037037, 3.4537037037037037, 3.435185185185185, 3.490740740740741, 3.4814814814814814, 3.509259259259259, 3.509259259259259, 3.6018518518518516, 3.5925925925925926, 3.611111111111111, 3.5555555555555554, 3.574074074074074, 3.574074074074074, 3.5833333333333335, 3.5700934579439254, 3.5754716981132075, 3.5428571428571427, 3.923076923076923, 4.019230769230769, 4.019230769230769, 3.9615384615384617, 3.9903846153846154, 3.9514563106796117, 3.9514563106796117, 3.9805825242718447, 4.04, 4.010309278350515, 3.979381443298969, 4.041237113402062, 3.978723404255319, 3.7011494252873565, 3.5584415584415585, 3.4675324675324677, 4.116883116883117]
-----------------------------------
Reading Game: 45
	Calculator:TotalxCoorUnweigthedCenter
	[3.5, 3.5625, 3.5, 3.5625, 3.5, 3.625, 3.5625, 3.6129032258064515, 3.6, 3.6, 3.566666666666667, 3.466666666666667, 3.4, 3.433333333333333, 3.4, 3.433333333333333, 3.4, 3.4482758620689653, 3.392857142857143, 3.4074074074074074, 3.3703703703703702, 3.4444444444444446, 3.4444444444444446, 3.5185185185185186, 3.4814814814814814, 3.5, 3.4, 3.4, 3.28, 3.32, 3.28, 3.36, 3.32, 3.36, 3.28, 3.32, 3.32, 3.28, 3.32, 3.36, 3.36, 3.48, 3.44, 3.48, 3.5416666666666665, 3.6956521739130435, 3.6818181818181817, 3.6818181818181817, 3.409090909090909, 3.5714285714285716, 3.5]
	Calculator:TotalxCoorWeigthedCenter
	[3.5, 3.5185185185185186, 3.5, 3.5555555555555554, 3.5, 3.611111111111111, 3.5555555555555554, 3.6, 3.607843137254902, 3.607843137254902, 3.5980392156862746, 3.5098039215686274, 3.450980392156863, 3.4607843137254903, 3.4313725490196076, 3.4411764705882355, 3.4313725490196076, 3.4455445544554455, 3.43, 3.4343434343434343, 3.404040404040404, 3.4242424242424243, 3.4242424242424243, 3.4444444444444446, 3.4343434343434343, 3.438775510204082, 3.3711340206185567, 3.3711340206185567, 3.2783505154639174, 3.3092783505154637, 3.2783505154639174, 3.3402061855670104, 3.3092783505154637, 3.4123711340206184, 3.2061855670103094, 3.2371134020618557, 3.2371134020618557, 3.2061855670103094, 3.2371134020618557, 3.268041237113402, 3.268041237113402, 3.577319587628866, 3.5670103092783507, 3.670103092783505, 3.723404255319149, 3.8461538461538463, 3.840909090909091, 3.840909090909091, 3.3636363636363638, 3.5764705882352943, 3.2564102564102564]
-----------------------------------
Reading Game: 54
	Calculator:TotalxCoorUnweigthedCenter
	[3.5, 3.5625, 3.5, 3.5625, 3.5483870967741935, 3.6129032258064515, 3.5483870967741935, 3.6, 3.5, 3.566666666666667, 3.5517241379310347, 3.586206896551724, 3.4642857142857144, 3.5357142857142856, 3.4642857142857144, 3.4642857142857144, 3.4814814814814814, 3.6153846153846154, 3.6, 3.6666666666666665, 3.5833333333333335, 3.5833333333333335, 3.5217391304347827, 3.5652173913043477, 3.4782608695652173, 3.5454545454545454, 3.5238095238095237, 3.619047619047619, 3.619047619047619, 3.7142857142857144, 3.5714285714285716, 3.619047619047619, 3.5714285714285716, 3.619047619047619, 3.5238095238095237, 3.4761904761904763, 3.3333333333333335, 3.2857142857142856, 3.0476190476190474, 3.2, 3.3157894736842106, 3.3157894736842106, 3.2777777777777777]
	Calculator:TotalxCoorWeigthedCenter
	[3.5, 3.5185185185185186, 3.5, 3.5185185185185186, 3.514018691588785, 3.5700934579439254, 3.5514018691588785, 3.6037735849056602, 3.3207547169811322, 3.339622641509434, 3.320388349514563, 3.349514563106796, 3.235294117647059, 3.2941176470588234, 3.2745098039215685, 3.2745098039215685, 3.282828282828283, 3.3854166666666665, 3.3789473684210525, 3.4148936170212765, 3.351063829787234, 3.351063829787234, 3.2967032967032965, 3.3076923076923075, 3.2857142857142856, 3.3068181818181817, 3.2988505747126435, 3.32183908045977, 3.32183908045977, 3.3908045977011496, 3.1494252873563218, 3.264367816091954, 3.2528735632183907, 3.367816091954023, 3.2988505747126435, 3.264367816091954, 3.0229885057471266, 2.9885057471264367, 2.8160919540229883, 2.988372093023256, 3.011764705882353, 3.011764705882353, 2.6785714285714284]
-----------------------------------
Reading Game: 55
	Calculator:TotalxCoorUnweigthedCenter
	[3.5, 3.5625, 3.5, 3.5625, 3.5, 3.5161290322580645, 3.4838709677419355, 3.5161290322580645, 3.4516129032258065, 3.5161290322580645, 3.3870967741935485, 3.4193548387096775, 3.4516129032258065, 3.5483870967741935, 3.5161290322580645, 3.5483870967741935, 3.5161290322580645, 3.5, 3.5, 3.413793103448276, 3.3448275862068964, 3.2758620689655173, 3.206896551724138, 3.103448275862069, 3.0689655172413794, 3.142857142857143, 3.074074074074074, 3.1153846153846154, 3.08, 3.0416666666666665, 3.2083333333333335, 3.25, 3.375, 3.260869565217391, 3.090909090909091, 3.1818181818181817, 3.227272727272727, 3.3181818181818183, 3.227272727272727, 3.272727272727273, 3.3181818181818183, 3.409090909090909, 3.3636363636363638, 3.238095238095238, 3.142857142857143, 3.0476190476190474, 3.0, 3.0476190476190474, 3.0, 3.15, 3.2, 3.15, 3.1, 3.0526315789473686, 2.888888888888889, 2.8823529411764706, 2.875, 3.0, 3.066666666666667, 3.2666666666666666, 3.0714285714285716, 3.3076923076923075, 3.230769230769231, 3.3076923076923075, 3.230769230769231, 3.230769230769231, 3.3076923076923075, 3.3846153846153846, 3.4615384615384617, 3.5384615384615383, 3.3846153846153846, 3.4615384615384617, 3.6153846153846154, 3.6923076923076925, 3.769230769230769, 3.8461538461538463, 3.769230769230769, 3.769230769230769, 3.6923076923076925, 3.5384615384615383]
	Calculator:TotalxCoorWeigthedCenter
	[3.5, 3.5185185185185186, 3.5, 3.5185185185185186, 3.5, 3.5046728971962615, 3.4953271028037385, 3.5233644859813085, 3.467289719626168, 3.5233644859813085, 3.411214953271028, 3.4205607476635516, 3.4485981308411215, 3.7289719626168223, 3.635514018691589, 3.7289719626168223, 3.7196261682242993, 3.8867924528301887, 3.8867924528301887, 3.780952380952381, 3.6476190476190475, 3.4571428571428573, 3.323809523809524, 3.038095238095238, 3.0285714285714285, 3.048076923076923, 3.0097087378640777, 3.04, 3.2444444444444445, 2.975, 3.125, 3.1375, 3.4, 3.2987012987012987, 3.1486486486486487, 3.175675675675676, 3.2162162162162162, 3.2972972972972974, 3.27027027027027, 3.310810810810811, 3.4054054054054053, 3.4864864864864864, 3.3513513513513513, 3.014925373134328, 2.925373134328358, 2.8358208955223883, 2.6865671641791047, 2.7313432835820897, 2.712121212121212, 2.8484848484848486, 3.0, 2.9545454545454546, 2.803030303030303, 2.746031746031746, 2.6166666666666667, 2.711864406779661, 2.706896551724138, 2.7719298245614037, 2.9473684210526314, 3.1052631578947367, 2.814814814814815, 3.234042553191489, 3.2127659574468086, 3.425531914893617, 3.2127659574468086, 3.2127659574468086, 3.425531914893617, 3.4468085106382977, 3.6595744680851063, 3.6808510638297873, 3.5531914893617023, 3.574468085106383, 3.702127659574468, 3.723404255319149, 3.7872340425531914, 4.321428571428571, 4.142857142857143, 4.142857142857143, 3.9642857142857144, 3.607142857142857]
-----------------------------------
Reading Game: 60
	Calculator:TotalxCoorUnweigthedCenter
	[3.5, 3.5625, 3.53125, 3.59375, 3.5625, 3.625, 3.59375, 3.625, 3.59375, 3.59375, 3.53125, 3.59375, 3.5806451612903225, 3.6666666666666665, 3.6333333333333333, 3.7, 3.6206896551724137, 3.642857142857143, 3.607142857142857, 3.7142857142857144, 3.6785714285714284, 3.6296296296296298, 3.5925925925925926, 3.5185185185185186, 3.5555555555555554, 3.5925925925925926, 3.5925925925925926, 3.5, 3.4615384615384617, 3.423076923076923, 3.3461538461538463, 3.423076923076923, 3.3846153846153846, 3.423076923076923, 3.3846153846153846, 3.423076923076923, 3.36, 3.44, 3.44, 3.375, 3.217391304347826, 3.260869565217391, 3.227272727272727, 3.2857142857142856, 3.3333333333333335, 3.380952380952381, 3.380952380952381, 3.380952380952381]
	Calculator:TotalxCoorWeigthedCenter
	[3.5, 3.5555555555555554, 3.5462962962962963, 3.564814814814815, 3.537037037037037, 3.5555555555555554, 3.5462962962962963, 3.574074074074074, 3.564814814814815, 3.564814814814815, 3.5462962962962963, 3.564814814814815, 3.560747663551402, 3.6226415094339623, 3.5943396226415096, 3.7830188679245285, 3.704761904761905, 3.769230769230769, 3.673076923076923, 3.9615384615384617, 3.8653846153846154, 3.6930693069306932, 3.6831683168316833, 3.485148514851485, 3.5841584158415842, 3.6831683168316833, 3.6831683168316833, 3.62, 3.61, 3.58, 3.52, 3.58, 3.55, 3.56, 3.53, 3.56, 3.5454545454545454, 3.606060606060606, 3.606060606060606, 3.292134831460674, 3.1627906976744184, 3.197674418604651, 3.1927710843373496, 3.5, 3.625, 3.6625, 3.6625, 3.6625]
-----------------------------------
Reading Game: 63
	Calculator:TotalxCoorUnweigthedCenter
	[3.5, 3.5625, 3.53125, 3.5625, 3.53125, 3.59375, 3.5625, 3.59375, 3.53125, 3.5625, 3.5625, 3.59375, 3.53125, 3.53125, 3.46875, 3.4838709677419355, 3.433333333333333, 3.5, 3.466666666666667, 3.5, 3.433333333333333, 3.5, 3.533333333333333, 3.586206896551724, 3.4642857142857144, 3.4814814814814814, 3.423076923076923, 3.48, 3.48, 3.52, 3.4, 3.32, 3.36, 3.36, 3.32, 3.28, 3.28, 3.32, 3.24, 3.28, 3.24, 3.28, 3.28, 3.32, 3.25, 3.217391304347826, 3.0869565217391304, 3.0, 2.9130434782608696, 2.9545454545454546, 2.9047619047619047, 2.9523809523809526, 2.857142857142857, 3.0, 3.1, 3.263157894736842, 3.388888888888889, 3.388888888888889, 3.411764705882353, 3.5625, 3.625, 3.875, 3.8125, 3.5625, 3.5, 3.533333333333333, 3.6, 3.6666666666666665, 3.6, 3.6666666666666665, 3.6, 3.533333333333333, 3.533333333333333, 3.466666666666667, 3.466666666666667, 3.533333333333333, 3.533333333333333]
	Calculator:TotalxCoorWeigthedCenter
	[3.5, 3.5185185185185186, 3.509259259259259, 3.5185185185185186, 3.490740740740741, 3.5462962962962963, 3.537037037037037, 3.564814814814815, 3.509259259259259, 3.5185185185185186, 3.5185185185185186, 3.5462962962962963, 3.490740740740741, 3.490740740740741, 3.4722222222222223, 3.4766355140186915, 3.4622641509433962, 3.518867924528302, 3.4245283018867925, 3.4339622641509435, 3.3773584905660377, 3.4339622641509435, 3.5283018867924527, 3.4343434343434343, 3.3229166666666665, 3.3473684210526318, 3.2934782608695654, 3.337078651685393, 3.337078651685393, 3.449438202247191, 3.1123595505617976, 3.044943820224719, 3.157303370786517, 3.157303370786517, 3.1235955056179776, 3.0112359550561796, 3.0112359550561796, 3.044943820224719, 3.0224719101123596, 3.033707865168539, 3.0224719101123596, 3.056179775280899, 3.056179775280899, 3.0898876404494384, 2.659090909090909, 2.689655172413793, 2.4482758620689653, 2.3793103448275863, 2.310344827586207, 2.3214285714285716, 2.259259259259259, 2.271604938271605, 2.197530864197531, 2.567901234567901, 2.77027027027027, 2.887323943661972, 2.914285714285714, 2.914285714285714, 2.9130434782608696, 2.9411764705882355, 3.0441176470588234, 3.6323529411764706, 3.485294117647059, 2.8970588235294117, 2.8529411764705883, 3.253731343283582, 3.298507462686567, 3.4029850746268657, 3.253731343283582, 3.4029850746268657, 3.298507462686567, 3.253731343283582, 3.253731343283582, 3.208955223880597, 3.208955223880597, 3.253731343283582, 3.253731343283582]
-----------------------------------
Reading Game: 64
	Calculator:TotalxCoorUnweigthedCenter
	[3.5, 3.53125, 3.5, 3.53125, 3.46875, 3.5, 3.4375, 3.5, 3.46875, 3.53125, 3.5, 3.5625, 3.53125, 3.53125, 3.53125, 3.5625, 3.53125, 3.59375, 3.5625, 3.59375, 3.53125, 3.5806451612903225, 3.566666666666667, 3.6551724137931036, 3.6206896551724137, 3.6206896551724137, 3.586206896551724, 3.586206896551724, 3.586206896551724, 3.6551724137931036, 3.6206896551724137, 3.6551724137931036, 3.6206896551724137, 3.689655172413793, 3.6785714285714284, 3.7142857142857144, 3.6296296296296298, 3.6153846153846154, 3.52, 3.5416666666666665, 3.5, 3.608695652173913, 3.5, 3.590909090909091, 3.5714285714285716, 3.65, 3.7, 3.6315789473684212, 3.5, 3.411764705882353, 3.1875, 3.2666666666666666, 3.0, 3.142857142857143, 3.2857142857142856, 3.357142857142857, 3.2857142857142856, 3.2857142857142856, 3.3076923076923075, 3.5833333333333335, 3.4166666666666665, 3.5, 3.4166666666666665, 3.5, 3.4166666666666665, 3.25, 3.0833333333333335, 3.0833333333333335, 2.9166666666666665, 2.8333333333333335, 3.0, 3.0833333333333335, 2.9166666666666665, 3.0, 3.1666666666666665, 3.25, 3.1666666666666665, 3.1666666666666665, 3.1818181818181817, 3.1818181818181817, 3.272727272727273, 3.3636363636363638, 3.1818181818181817, 3.1, 3.2, 3.3, 3.1, 3.1, 3.2, 3.8, 3.7, 3.8, 3.7, 3.4444444444444446, 3.3333333333333335, 3.3333333333333335, 3.0, 3.111111111111111, 3.5, 3.4285714285714284, 3.8333333333333335, 4.0, 4.333333333333333, 4.5, 5.0, 4.5, 4.5, 4.6, 4.4, 4.4, 4.0, 4.2, 4.4, 4.0, 4.25, 4.75, 5.0, 5.25, 5.0, 5.0]
	Calculator:TotalxCoorWeigthedCenter
	[3.5, 3.509259259259259, 3.5, 3.5277777777777777, 3.509259259259259, 3.5185185185185186, 3.462962962962963, 3.5185185185185186, 3.490740740740741, 3.509259259259259, 3.5, 3.5555555555555554, 3.5277777777777777, 3.5277777777777777, 3.5277777777777777, 3.6203703703703702, 3.611111111111111, 3.6296296296296298, 3.6018518518518516, 3.611111111111111, 3.5555555555555554, 3.6, 3.607843137254902, 3.8118811881188117, 3.712871287128713, 3.712871287128713, 3.702970297029703, 3.702970297029703, 3.702970297029703, 3.722772277227723, 3.6930693069306932, 3.702970297029703, 3.6732673267326734, 3.6930693069306932, 3.69, 3.7, 3.676767676767677, 3.673469387755102, 3.649484536082474, 3.84375, 3.7708333333333335, 3.8421052631578947, 3.7717391304347827, 3.8369565217391304, 3.831460674157303, 3.9204545454545454, 3.9545454545454546, 3.814814814814815, 3.730769230769231, 3.5441176470588234, 2.9482758620689653, 2.963636363636364, 2.4444444444444446, 2.7037037037037037, 2.814814814814815, 2.8333333333333335, 2.814814814814815, 2.814814814814815, 2.7872340425531914, 3.275, 3.125, 3.375, 3.125, 3.375, 3.125, 2.775, 2.625, 2.625, 2.475, 2.225, 2.375, 2.625, 2.475, 2.725, 2.875, 2.9, 2.65, 2.65, 2.641025641025641, 2.641025641025641, 2.8974358974358974, 3.1538461538461537, 3.0, 3.210526315789474, 3.289473684210526, 3.5526315789473686, 3.3947368421052633, 3.3947368421052633, 3.473684210526316, 4.578947368421052, 4.315789473684211, 4.578947368421052, 4.315789473684211, 4.27027027027027, 4.0, 4.0, 3.7567567567567566, 3.7837837837837838, 3.9444444444444446, 3.942857142857143, 4.088235294117647, 4.117647058823529, 4.294117647058823, 4.883720930232558, 5.093023255813954, 4.395348837209302, 4.395348837209302, 4.075, 3.825, 3.825, 3.675, 3.925, 4.175, 3.918918918918919, 4.1891891891891895, 4.72972972972973, 5.0, 5.1891891891891895, 4.918918918918919, 4.918918918918919]
-----------------------------------
Reading Game: 67
	Calculator:TotalxCoorUnweigthedCenter
	[3.5, 3.5625, 3.53125, 3.59375, 3.53125, 3.59375, 3.46875, 3.5, 3.5161290322580645, 3.6, 3.566666666666667, 3.6, 3.6, 3.6666666666666665, 3.7, 3.7666666666666666, 3.7333333333333334, 3.7333333333333334, 3.7, 3.7, 3.6551724137931036, 3.6785714285714284, 3.642857142857143, 3.6785714285714284, 3.6666666666666665, 3.7037037037037037, 3.6296296296296298, 3.6296296296296298, 3.5925925925925926, 3.6296296296296298, 3.5555555555555554, 3.5555555555555554, 3.5185185185185186, 3.5925925925925926, 3.5555555555555554, 3.5555555555555554, 3.5185185185185186, 3.4444444444444446, 3.3461538461538463, 3.423076923076923, 3.3846153846153846, 3.3076923076923075, 3.230769230769231, 3.36, 3.4166666666666665, 3.5652173913043477, 3.5652173913043477, 3.608695652173913, 3.5652173913043477, 3.5652173913043477, 3.5217391304347827, 3.5652173913043477, 3.652173913043478, 3.608695652173913, 3.5652173913043477, 3.5217391304347827, 3.4347826086956523, 3.4347826086956523, 3.391304347826087, 3.391304347826087, 3.347826086956522, 3.347826086956522, 3.217391304347826, 3.347826086956522, 3.3043478260869565, 3.3181818181818183, 3.227272727272727, 3.380952380952381, 3.0476190476190474, 3.0, 3.15]
	Calculator:TotalxCoorWeigthedCenter
	[3.5, 3.5185185185185186, 3.509259259259259, 3.564814814814815, 3.509259259259259, 3.564814814814815, 3.4537037037037037, 3.462962962962963, 3.4761904761904763, 3.5294117647058822, 3.5, 3.5294117647058822, 3.5294117647058822, 3.549019607843137, 3.5784313725490198, 3.6372549019607843, 3.627450980392157, 3.627450980392157, 3.6176470588235294, 3.6176470588235294, 3.603960396039604, 3.61, 3.6, 3.61, 3.606060606060606, 3.6363636363636362, 3.5757575757575757, 3.5757575757575757, 3.5656565656565657, 3.595959595959596, 3.5757575757575757, 3.5757575757575757, 3.474747474747475, 3.676767676767677, 3.6666666666666665, 3.6666666666666665, 3.6363636363636362, 3.5757575757575757, 3.510204081632653, 3.5714285714285716, 3.5408163265306123, 3.336734693877551, 3.2755102040816326, 3.4210526315789473, 3.602272727272727, 3.7471264367816093, 3.7471264367816093, 3.8620689655172415, 3.8275862068965516, 3.8275862068965516, 3.8160919540229883, 3.8505747126436782, 3.9195402298850577, 3.8850574712643677, 3.8735632183908044, 3.839080459770115, 3.8160919540229883, 3.8160919540229883, 3.781609195402299, 3.781609195402299, 3.7701149425287355, 3.7701149425287355, 3.528735632183908, 3.8735632183908044, 3.8620689655172415, 3.9186046511627906, 3.8488372093023258, 4.036144578313253, 3.4457831325301207, 3.36144578313253, 3.6710526315789473]
-----------------------------------
Reading Game: 71
	Calculator:TotalxCoorUnweigthedCenter
	[3.5, 3.53125, 3.46875, 3.53125, 3.46875, 3.5, 3.375, 3.40625, 3.4193548387096775, 3.533333333333333, 3.5, 3.533333333333333, 3.5, 3.566666666666667, 3.5, 3.5, 3.466666666666667, 3.533333333333333, 3.533333333333333, 3.533333333333333, 3.533333333333333, 3.6, 3.6, 3.6333333333333333, 3.586206896551724, 3.607142857142857, 3.5357142857142856, 3.607142857142857, 3.5714285714285716, 3.642857142857143, 3.5925925925925926, 3.6153846153846154, 3.48, 3.5416666666666665, 3.5217391304347827, 3.6363636363636362, 3.5238095238095237, 3.8095238095238093, 3.761904761904762, 3.761904761904762, 3.7142857142857144, 3.857142857142857, 3.9047619047619047, 3.9523809523809526, 4.0476190476190474, 4.142857142857143, 4.095238095238095, 4.0, 3.9523809523809526, 4.0, 4.0, 4.0, 3.9523809523809526, 4.0, 3.95, 4.0, 3.8421052631578947, 3.8421052631578947, 3.7777777777777777, 3.8823529411764706, 3.875, 4.1875, 4.125, 4.1875, 4.125, 4.125, 4.2, 4.142857142857143, 4.142857142857143, 4.142857142857143, 4.071428571428571, 4.071428571428571, 4.0, 4.071428571428571, 4.142857142857143, 4.285714285714286, 4.142857142857143, 4.214285714285714, 4.142857142857143, 4.0, 4.0, 3.8333333333333335, 3.727272727272727, 4.0, 3.909090909090909, 3.4545454545454546, 3.6, 3.5, 3.6, 3.6, 3.6666666666666665, 3.5555555555555554, 3.125, 3.5714285714285716, 3.6666666666666665, 3.8333333333333335, 3.8333333333333335, 3.8333333333333335, 3.6666666666666665, 3.5, 3.3333333333333335, 3.5, 3.3333333333333335, 3.1666666666666665, 3.0, 3.1666666666666665, 3.0, 2.8333333333333335, 2.8333333333333335]
	Calculator:TotalxCoorWeigthedCenter
	[3.5, 3.509259259259259, 3.490740740740741, 3.509259259259259, 3.4537037037037037, 3.4814814814814814, 3.3703703703703702, 3.3981481481481484, 3.4095238095238094, 3.5784313725490198, 3.5686274509803924, 3.5784313725490198, 3.5686274509803924, 3.627450980392157, 3.5686274509803924, 3.5686274509803924, 3.5392156862745097, 3.5588235294117645, 3.5588235294117645, 3.5588235294117645, 3.5588235294117645, 3.5784313725490198, 3.5784313725490198, 3.588235294117647, 3.5742574257425743, 3.58, 3.52, 3.58, 3.55, 3.61, 3.5670103092783507, 3.5638297872340425, 3.236559139784946, 3.2777777777777777, 3.1724137931034484, 3.25, 3.1728395061728394, 3.691358024691358, 3.6790123456790123, 3.6790123456790123, 3.6666666666666665, 4.037037037037037, 4.160493827160494, 4.172839506172839, 4.419753086419753, 4.444444444444445, 4.320987654320987, 4.074074074074074, 3.950617283950617, 4.074074074074074, 4.074074074074074, 4.074074074074074, 4.061728395061729, 4.074074074074074, 4.0625, 4.075949367088608, 3.810126582278481, 3.810126582278481, 3.63768115942029, 3.76271186440678, 3.7586206896551726, 4.362068965517241, 4.189655172413793, 4.362068965517241, 4.241379310344827, 4.241379310344827, 4.2631578947368425, 4.25, 4.25, 4.25, 4.232142857142857, 4.232142857142857, 4.053571428571429, 4.178571428571429, 4.357142857142857, 4.392857142857143, 4.357142857142857, 4.535714285714286, 4.410714285714286, 4.054545454545455, 4.054545454545455, 4.018518518518518, 3.9361702127659575, 4.382978723404255, 4.170212765957447, 3.425531914893617, 3.4565217391304346, 3.239130434782609, 3.391304347826087, 3.391304347826087, 3.4, 3.1777777777777776, 2.473684210526316, 3.129032258064516, 3.1333333333333333, 3.466666666666667, 3.466666666666667, 3.466666666666667, 3.1333333333333333, 2.8, 2.466666666666667, 2.8, 2.466666666666667, 2.1333333333333333, 1.8, 2.1333333333333333, 2.1, 1.7666666666666666, 1.7666666666666666]
-----------------------------------
Reading Game: 77
	Calculator:TotalxCoorUnweigthedCenter
	[3.5, 3.5625, 3.5, 3.625, 3.5625, 3.53125, 3.46875, 3.5, 3.46875, 3.4516129032258065, 3.4516129032258065, 3.3666666666666667, 3.2413793103448274, 3.2758620689655173, 3.3448275862068964, 3.413793103448276, 3.3793103448275863, 3.4482758620689653, 3.413793103448276, 3.4827586206896552, 3.4482758620689653, 3.3793103448275863, 3.3448275862068964, 3.3793103448275863, 3.310344827586207, 3.3448275862068964, 3.310344827586207, 3.3214285714285716, 3.259259259259259, 3.2962962962962963, 3.2222222222222223, 3.2962962962962963, 3.230769230769231, 3.28, 3.2, 3.24, 3.2, 3.24, 3.16, 3.16, 3.12, 3.08, 3.0, 3.0, 3.0, 3.090909090909091, 3.0454545454545454, 3.0476190476190474, 2.9523809523809526, 3.0, 3.0, 3.0, 2.95, 3.0, 2.95, 2.9, 2.9, 2.9, 2.85, 2.9, 2.85, 2.736842105263158]
	Calculator:TotalxCoorWeigthedCenter
	[3.5, 3.5185185185185186, 3.462962962962963, 3.574074074074074, 3.5185185185185186, 3.490740740740741, 3.4722222222222223, 3.5, 3.4722222222222223, 3.4571428571428573, 3.4571428571428573, 3.2346938775510203, 3.1157894736842104, 3.126315789473684, 3.1894736842105265, 3.2526315789473683, 3.2421052631578946, 3.305263157894737, 3.2, 3.263157894736842, 3.2526315789473683, 3.1894736842105265, 3.1578947368421053, 3.168421052631579, 3.1473684210526316, 3.2526315789473683, 3.1473684210526316, 3.148936170212766, 3.129032258064516, 3.161290322580645, 3.096774193548387, 3.161290322580645, 3.1, 3.1379310344827585, 3.1149425287356323, 3.1494252873563218, 3.1379310344827585, 3.1724137931034484, 3.103448275862069, 3.103448275862069, 3.0919540229885056, 3.057471264367816, 3.0344827586206895, 3.0357142857142856, 3.0617283950617282, 3.2, 3.075, 3.1265822784810124, 2.8734177215189876, 3.0, 3.0, 3.0, 2.9565217391304346, 3.101449275362319, 2.9565217391304346, 2.9130434782608696, 2.9130434782608696, 2.9130434782608696, 2.7681159420289854, 2.782608695652174, 2.63768115942029, 2.6029411764705883]
-----------------------------------
Reading Game: 79
	Calculator:TotalxCoorUnweigthedCenter
	[3.5, 3.53125, 3.46875, 3.5, 3.46875, 3.59375, 3.5625, 3.5483870967741935, 3.466666666666667, 3.5, 3.433333333333333, 3.466666666666667, 3.466666666666667, 3.5, 3.433333333333333, 3.5, 3.433333333333333, 3.5, 3.433333333333333, 3.5, 3.466666666666667, 3.533333333333333, 3.5, 3.533333333333333, 3.4827586206896552, 3.5, 3.4642857142857144, 3.5357142857142856, 3.5555555555555554, 3.6538461538461537, 3.64, 3.68, 3.6666666666666665, 3.6666666666666665, 3.5833333333333335, 3.608695652173913, 3.5217391304347827, 3.608695652173913, 3.608695652173913, 3.590909090909091, 3.5454545454545454, 3.6363636363636362, 3.6666666666666665, 3.6666666666666665, 3.6666666666666665, 3.7142857142857144, 3.7142857142857144, 3.9047619047619047, 3.8095238095238093, 3.857142857142857, 3.8095238095238093]
	Calculator:TotalxCoorWeigthedCenter
	[3.5, 3.509259259259259, 3.4537037037037037, 3.462962962962963, 3.4537037037037037, 3.564814814814815, 3.537037037037037, 3.5238095238095237, 3.450980392156863, 3.4607843137254903, 3.4411764705882355, 3.4705882352941178, 3.4705882352941178, 3.5686274509803924, 3.5098039215686274, 3.5294117647058822, 3.5098039215686274, 3.5294117647058822, 3.5098039215686274, 3.5686274509803924, 3.5392156862745097, 3.5980392156862746, 3.588235294117647, 3.5980392156862746, 3.5555555555555554, 3.5520833333333335, 3.5416666666666665, 3.5625, 3.568421052631579, 3.595744680851064, 3.5913978494623655, 3.6236559139784945, 3.619565217391304, 3.619565217391304, 3.597826086956522, 3.6043956043956045, 3.3846153846153846, 3.4505494505494507, 3.4505494505494507, 3.422222222222222, 3.311111111111111, 3.3777777777777778, 3.3820224719101124, 3.3820224719101124, 3.3820224719101124, 3.393258426966292, 3.393258426966292, 3.842696629213483, 3.6179775280898876, 3.730337078651685, 3.6179775280898876]
-----------------------------------
Reading Game: 81
	Calculator:TotalxCoorUnweigthedCenter
	[3.5, 3.5625, 3.53125, 3.59375, 3.53125, 3.59375, 3.53125, 3.5625, 3.5483870967741935, 3.5806451612903225, 3.6, 3.7241379310344827, 3.689655172413793, 3.7586206896551726, 3.7241379310344827, 3.7241379310344827, 3.586206896551724, 3.6206896551724137, 3.689655172413793, 3.689655172413793, 3.689655172413793, 3.7241379310344827, 3.7241379310344827, 3.8275862068965516, 3.793103448275862, 3.8620689655172415, 3.857142857142857, 3.925925925925926, 3.888888888888889, 3.8846153846153846, 3.8, 3.8333333333333335, 3.8333333333333335, 3.9166666666666665, 3.875, 3.9130434782608696, 3.8181818181818183, 4.0, 4.0, 4.0, 4.0, 4.2, 4.2, 4.15, 4.15, 4.105263157894737]
	Calculator:TotalxCoorWeigthedCenter
	[3.5, 3.5185185185185186, 3.509259259259259, 3.5277777777777777, 3.509259259259259, 3.564814814814815, 3.509259259259259, 3.5185185185185186, 3.514018691588785, 3.542056074766355, 3.547169811320755, 3.619047619047619, 3.6095238095238096, 3.6666666666666665, 3.638095238095238, 3.638095238095238, 3.5238095238095237, 3.533333333333333, 3.5904761904761906, 3.5904761904761906, 3.5904761904761906, 3.6, 3.6, 3.8857142857142857, 3.876190476190476, 3.933333333333333, 3.9326923076923075, 3.970873786407767, 3.9611650485436893, 3.980392156862745, 3.9393939393939394, 4.13265306122449, 4.13265306122449, 4.1938775510204085, 4.163265306122449, 4.2, 4.141304347826087, 4.50561797752809, 4.523255813953488, 4.523255813953488, 4.523255813953488, 4.662790697674419, 4.662790697674419, 4.627906976744186, 4.627906976744186, 4.647058823529412]
-----------------------------------
Reading Game: 82
	Calculator:TotalxCoorUnweigthedCenter
	[3.5, 3.5625, 3.5, 3.53125, 3.46875, 3.5, 3.46875, 3.46875, 3.40625, 3.4375, 3.375, 3.375, 3.3125, 3.375, 3.34375, 3.375, 3.40625, 3.4193548387096775, 3.3333333333333335, 3.3666666666666667, 3.3793103448275863, 3.5, 3.357142857142857, 3.392857142857143, 3.357142857142857, 3.4074074074074074, 3.3846153846153846, 3.3461538461538463, 3.3461538461538463, 3.423076923076923, 3.423076923076923, 3.4, 3.2916666666666665, 3.4347826086956523, 3.391304347826087, 3.347826086956522, 3.3043478260869565, 3.391304347826087, 3.391304347826087, 3.347826086956522, 3.391304347826087, 3.4782608695652173, 3.5217391304347827, 3.608695652173913, 3.4782608695652173, 3.5652173913043477, 3.4347826086956523, 3.391304347826087, 3.347826086956522, 3.391304347826087, 3.347826086956522, 3.3181818181818183, 3.1904761904761907, 3.25, 3.1052631578947367, 3.2222222222222223, 3.1666666666666665, 2.9444444444444446, 2.8823529411764706, 2.823529411764706, 2.8823529411764706, 2.9411764705882355, 2.8823529411764706, 2.8823529411764706, 3.0588235294117645, 3.1176470588235294, 3.1176470588235294, 3.4705882352941178, 3.411764705882353, 3.3529411764705883, 3.375, 3.375, 3.533333333333333]
	Calculator:TotalxCoorWeigthedCenter
	[3.5, 3.5555555555555554, 3.537037037037037, 3.5462962962962963, 3.490740740740741, 3.5185185185185186, 3.490740740740741, 3.490740740740741, 3.4722222222222223, 3.4814814814814814, 3.425925925925926, 3.425925925925926, 3.4074074074074074, 3.462962962962963, 3.4537037037037037, 3.4814814814814814, 3.509259259259259, 3.5238095238095237, 3.450980392156863, 3.4607843137254903, 3.4653465346534653, 3.54, 3.42, 3.43, 3.33, 3.350515463917526, 3.34375, 3.3125, 3.3125, 3.375, 3.375, 3.3548387096774195, 3.2888888888888888, 3.6292134831460676, 3.5168539325842696, 3.404494382022472, 3.393258426966292, 3.460674157303371, 3.460674157303371, 3.4269662921348316, 3.539325842696629, 3.606741573033708, 3.640449438202247, 3.662921348314607, 3.4269662921348316, 3.449438202247191, 3.2134831460674156, 3.1797752808988764, 3.146067415730337, 3.157303370786517, 3.1235955056179776, 3.1136363636363638, 3.0804597701149423, 3.4069767441860463, 3.0657894736842106, 2.9545454545454546, 2.803030303030303, 2.621212121212121, 2.4153846153846152, 2.3692307692307693, 2.476923076923077, 2.4923076923076923, 2.4461538461538463, 2.4461538461538463, 2.769230769230769, 2.7846153846153845, 2.7846153846153845, 3.4307692307692306, 3.276923076923077, 3.230769230769231, 3.1129032258064515, 3.1129032258064515, 3.1475409836065573]
-----------------------------------
Reading Game: 87
	Calculator:TotalxCoorUnweigthedCenter
	[3.5, 3.53125, 3.46875, 3.53125, 3.46875, 3.53125, 3.5483870967741935, 3.6666666666666665, 3.6333333333333333, 3.7, 3.6666666666666665, 3.7, 3.6666666666666665, 3.8, 3.7666666666666666, 3.7586206896551726, 3.6785714285714284, 3.7142857142857144, 3.642857142857143, 3.6785714285714284, 3.6296296296296298, 3.6666666666666665, 3.769230769230769, 3.769230769230769, 3.8461538461538463, 3.923076923076923, 4.0, 4.038461538461538, 3.9615384615384617, 4.0, 3.9615384615384617, 3.923076923076923, 3.8461538461538463, 3.8461538461538463, 3.8846153846153846, 3.8846153846153846, 3.8461538461538463, 3.88, 3.8333333333333335, 3.869565217391304, 3.8260869565217392, 3.782608695652174, 3.739130434782609, 3.739130434782609, 3.739130434782609, 3.782608695652174, 3.727272727272727, 3.727272727272727, 3.727272727272727, 3.727272727272727, 3.8181818181818183, 3.8636363636363638, 3.761904761904762, 3.857142857142857, 3.619047619047619, 3.6666666666666665, 3.6666666666666665, 3.7142857142857144, 3.65, 3.7, 3.6842105263157894, 3.6666666666666665, 3.611111111111111, 3.5555555555555554, 3.5555555555555554, 3.7058823529411766, 3.823529411764706, 3.764705882352941, 3.588235294117647, 3.75, 3.8666666666666667, 3.7142857142857144, 3.8461538461538463, 3.923076923076923, 3.8461538461538463, 3.5384615384615383, 3.3333333333333335, 3.4166666666666665, 3.3333333333333335, 3.25, 3.25, 3.1666666666666665, 2.8333333333333335]
	Calculator:TotalxCoorWeigthedCenter
	[3.5, 3.509259259259259, 3.4537037037037037, 3.509259259259259, 3.4537037037037037, 3.509259259259259, 3.4766355140186915, 3.644230769230769, 3.6346153846153846, 3.6538461538461537, 3.625, 3.6346153846153846, 3.605769230769231, 3.7211538461538463, 3.7115384615384617, 3.702970297029703, 3.6530612244897958, 3.7551020408163267, 3.5510204081632653, 3.6530612244897958, 3.268041237113402, 3.2989690721649483, 3.4468085106382977, 3.4468085106382977, 3.6595744680851063, 3.6808510638297873, 3.893617021276596, 3.925531914893617, 3.904255319148936, 3.9361702127659575, 3.925531914893617, 3.893617021276596, 3.8297872340425534, 3.8297872340425534, 3.8617021276595747, 3.8617021276595747, 3.851063829787234, 3.881720430107527, 3.8666666666666667, 3.8764044943820224, 3.842696629213483, 3.730337078651685, 3.696629213483146, 3.696629213483146, 3.696629213483146, 3.707865168539326, 3.647727272727273, 3.647727272727273, 3.647727272727273, 3.647727272727273, 3.715909090909091, 3.75, 3.67816091954023, 3.7011494252873565, 3.2988505747126435, 3.3793103448275863, 3.3793103448275863, 3.3908045977011496, 3.3488372093023258, 3.36046511627907, 3.5063291139240507, 3.5, 3.371794871794872, 3.2435897435897436, 3.2435897435897436, 3.857142857142857, 3.935064935064935, 3.896103896103896, 3.5064935064935066, 3.9342105263157894, 4.32, 4.297297297297297, 4.2465753424657535, 4.342465753424658, 4.205479452054795, 3.6575342465753424, 3.4545454545454546, 3.606060606060606, 3.4545454545454546, 3.303030303030303, 3.303030303030303, 3.1515151515151514, 2.5454545454545454]
-----------------------------------
Reading Game: 92
	Calculator:TotalxCoorUnweigthedCenter
	[3.5, 3.5625, 3.53125, 3.59375, 3.53125, 3.5625, 3.46875, 3.5, 3.4375, 3.46875, 3.5, 3.53125, 3.5, 3.5625, 3.5161290322580645, 3.6333333333333333, 3.6, 3.566666666666667, 3.533333333333333, 3.533333333333333, 3.466666666666667, 3.533333333333333, 3.5, 3.533333333333333, 3.5, 3.533333333333333, 3.466666666666667, 3.5, 3.5, 3.5, 3.466666666666667, 3.433333333333333, 3.3666666666666667, 3.4, 3.3666666666666667, 3.3333333333333335, 3.3, 3.3666666666666667, 3.3448275862068964, 3.4285714285714284, 3.4074074074074074, 3.5, 3.4615384615384617, 3.4615384615384617, 3.48, 3.5833333333333335, 3.5, 3.5217391304347827, 3.409090909090909, 3.5, 3.4285714285714284, 3.45, 3.5, 3.55, 3.55, 3.5789473684210527, 3.388888888888889, 3.388888888888889, 3.388888888888889, 3.388888888888889, 3.388888888888889, 3.4444444444444446, 3.388888888888889, 3.4444444444444446, 3.1666666666666665, 3.1666666666666665, 3.1666666666666665, 3.3529411764705883, 3.1875, 3.1875, 3.125, 3.25, 3.3333333333333335, 3.3333333333333335, 3.3333333333333335, 3.3333333333333335, 3.3333333333333335, 3.3333333333333335, 3.4285714285714284, 3.7857142857142856, 3.7857142857142856, 3.6923076923076925, 3.6153846153846154, 3.5, 3.4166666666666665, 3.4545454545454546]
	Calculator:TotalxCoorWeigthedCenter
	[3.5, 3.5185185185185186, 3.509259259259259, 3.5277777777777777, 3.509259259259259, 3.5185185185185186, 3.435185185185185, 3.462962962962963, 3.4444444444444446, 3.4722222222222223, 3.5, 3.509259259259259, 3.5, 3.5555555555555554, 3.5142857142857142, 3.7549019607843137, 3.7450980392156863, 3.715686274509804, 3.6862745098039214, 3.6862745098039214, 3.627450980392157, 3.6470588235294117, 3.6176470588235294, 3.6470588235294117, 3.6372549019607843, 3.6666666666666665, 3.607843137254902, 3.6372549019607843, 3.6372549019607843, 3.6372549019607843, 3.627450980392157, 3.5980392156862746, 3.5784313725490198, 3.607843137254902, 3.5980392156862746, 3.5, 3.4901960784313726, 3.5098039215686274, 3.504950495049505, 3.55, 3.536082474226804, 3.617021276595745, 3.606382978723404, 3.606382978723404, 3.6129032258064515, 3.641304347826087, 3.619565217391304, 3.6263736263736264, 3.577777777777778, 3.6444444444444444, 3.5977011494252875, 3.5952380952380953, 3.630952380952381, 3.6666666666666665, 3.6666666666666665, 3.691358024691358, 3.4743589743589745, 3.4743589743589745, 3.4743589743589745, 3.4743589743589745, 3.4743589743589745, 3.4871794871794872, 3.4743589743589745, 3.4871794871794872, 3.0384615384615383, 3.0384615384615383, 3.0384615384615383, 3.3380281690140845, 3.09375, 3.09375, 2.9375, 3.25, 3.2698412698412698, 3.2698412698412698, 3.2698412698412698, 3.2698412698412698, 3.2698412698412698, 3.2698412698412698, 3.2903225806451615, 3.8548387096774195, 3.8548387096774195, 3.8360655737704916, 3.819672131147541, 3.5294117647058822, 3.5098039215686274, 4.06]
-----------------------------------
Reading Game: 94
	Calculator:TotalxCoorUnweigthedCenter
	[3.5, 3.5625, 3.53125, 3.59375, 3.53125, 3.5625, 3.5, 3.5625, 3.5, 3.5161290322580645, 3.4, 3.466666666666667, 3.566666666666667, 3.6, 3.566666666666667, 3.6333333333333333, 3.566666666666667, 3.6206896551724137, 3.5714285714285716, 3.642857142857143, 3.5714285714285716, 3.642857142857143, 3.607142857142857, 3.607142857142857, 3.607142857142857, 3.607142857142857, 3.607142857142857, 3.6785714285714284, 3.642857142857143, 3.7037037037037037, 3.576923076923077, 3.6538461538461537, 3.6153846153846154, 3.68, 3.5416666666666665, 3.5, 3.5833333333333335, 3.5833333333333335, 3.5833333333333335, 3.625, 3.5833333333333335, 3.5833333333333335, 3.5833333333333335, 3.6666666666666665, 3.5833333333333335, 3.5833333333333335, 3.5416666666666665, 3.5833333333333335, 3.5652173913043477, 3.4782608695652173, 3.5217391304347827, 3.652173913043478, 3.608695652173913, 3.590909090909091, 3.5238095238095237, 3.5238095238095237, 3.6, 3.789473684210526, 3.611111111111111, 3.5294117647058822, 3.588235294117647, 3.9411764705882355, 4.0588235294117645, 4.0588235294117645]
	Calculator:TotalxCoorWeigthedCenter
	[3.5, 3.5185185185185186, 3.509259259259259, 3.564814814814815, 3.5462962962962963, 3.5555555555555554, 3.537037037037037, 3.5555555555555554, 3.5, 3.5046728971962615, 3.4150943396226414, 3.4339622641509435, 3.518867924528302, 3.5283018867924527, 3.5, 3.556603773584906, 3.5, 3.5436893203883497, 3.52, 3.54, 3.48, 3.54, 3.51, 3.51, 3.51, 3.51, 3.51, 3.71, 3.68, 3.731958762886598, 3.5531914893617023, 3.617021276595745, 3.5851063829787235, 3.6373626373626373, 3.340909090909091, 3.3068181818181817, 3.465909090909091, 3.465909090909091, 3.465909090909091, 3.477272727272727, 3.465909090909091, 3.465909090909091, 3.465909090909091, 3.625, 3.397727272727273, 3.397727272727273, 3.3863636363636362, 3.4204545454545454, 3.310344827586207, 3.1494252873563218, 3.264367816091954, 3.6091954022988504, 3.5977011494252875, 3.5930232558139537, 3.364705882352941, 3.364705882352941, 3.4871794871794872, 3.8309859154929575, 3.484375, 3.0350877192982457, 3.210526315789474, 4.2631578947368425, 4.614035087719298, 4.614035087719298]
-----------------------------------
Reading Game: 95
	Calculator:TotalxCoorUnweigthedCenter
	[3.5, 3.53125, 3.5, 3.53125, 3.46875, 3.53125, 3.46875, 3.4838709677419355, 3.433333333333333, 3.5, 3.433333333333333, 3.566666666666667, 3.533333333333333, 3.6, 3.533333333333333, 3.5172413793103448, 3.392857142857143, 3.4285714285714284, 3.4285714285714284, 3.4642857142857144, 3.4285714285714284, 3.4285714285714284, 3.392857142857143, 3.4642857142857144, 3.5, 3.5357142857142856, 3.4642857142857144, 3.4285714285714284, 3.357142857142857, 3.4285714285714284, 3.4074074074074074, 3.4615384615384617, 3.4, 3.4, 3.52, 3.52, 3.44, 3.52, 3.6, 3.64, 3.6, 3.6, 3.56, 3.64, 3.5833333333333335, 3.608695652173913, 3.5217391304347827, 3.5652173913043477, 3.590909090909091, 3.6666666666666665, 3.619047619047619, 3.5714285714285716, 3.45, 3.4, 3.35, 3.473684210526316, 3.4444444444444446, 3.4444444444444446, 3.5294117647058822, 3.75, 3.8666666666666667, 4.142857142857143, 4.076923076923077, 4.153846153846154, 4.0, 4.076923076923077, 4.076923076923077, 4.076923076923077, 4.076923076923077, 4.230769230769231, 4.153846153846154, 4.3076923076923075, 3.8461538461538463, 3.769230769230769, 3.6923076923076925, 3.6666666666666665, 3.6666666666666665, 3.6363636363636362, 3.9, 4.0, 4.1, 4.2, 3.9, 4.0, 3.9, 4.0, 3.9, 4.1, 4.0, 4.1, 4.0, 4.1, 4.0, 4.1, 4.5, 4.4, 4.4]
	Calculator:TotalxCoorWeigthedCenter
	[3.5, 3.509259259259259, 3.5, 3.5277777777777777, 3.509259259259259, 3.5277777777777777, 3.509259259259259, 3.514018691588785, 3.5, 3.518867924528302, 3.4622641509433962, 3.5754716981132075, 3.5660377358490565, 3.6226415094339623, 3.5660377358490565, 3.5533980582524274, 3.31, 3.32, 3.32, 3.35, 3.32, 3.32, 3.25, 3.31, 3.34, 3.44, 3.42, 3.39, 3.33, 3.35, 3.3434343434343434, 3.357142857142857, 3.154639175257732, 3.154639175257732, 3.463917525773196, 3.463917525773196, 3.443298969072165, 3.463917525773196, 3.5257731958762886, 3.6288659793814433, 3.597938144329897, 3.597938144329897, 3.5670103092783507, 3.6288659793814433, 3.5851063829787235, 3.5824175824175826, 3.5164835164835164, 3.6263736263736264, 3.6555555555555554, 3.7191011235955056, 3.707865168539326, 3.595505617977528, 3.159090909090909, 3.0454545454545454, 3.034090909090909, 3.0804597701149423, 3.0476190476190474, 3.0476190476190474, 3.2467532467532467, 3.3783783783783785, 3.4328358208955225, 4.035087719298246, 4.018518518518518, 4.203703703703703, 4.092592592592593, 4.277777777777778, 4.277777777777778, 4.277777777777778, 4.277777777777778, 4.648148148148148, 4.518518518518518, 4.555555555555555, 3.7777777777777777, 3.5925925925925926, 3.574074074074074, 3.5660377358490565, 3.5660377358490565, 3.5652173913043477, 3.9444444444444446, 3.9722222222222223, 4.166666666666667, 4.194444444444445, 3.611111111111111, 3.638888888888889, 3.361111111111111, 3.388888888888889, 3.361111111111111, 3.4166666666666665, 3.388888888888889, 3.4166666666666665, 3.388888888888889, 3.6666666666666665, 2.911111111111111, 3.1333333333333333, 4.022222222222222, 3.8, 3.8]
